n	time
1	1
2	1915
3	4786
4	7623
5	11423
6	15201
7	19035
8	22854
9	27639
10	32402
11	37146
12	41927
13	46697
14	51432
15	56188
16	60915
17	66681
18	72389
19	78115
20	83864
21	89561
22	95268
23	101011
24	106739
25	112405
26	118084
27	123825
28	129569
29	135310
30	141013
31	146711
32	152413
33	159087
34	165686
35	172334
36	178997
37	185661
38	192332
39	199073
40	205740
41	212433
42	219057
43	225734
44	232449
45	239083
46	245698
47	252435
48	259126
49	265788
50	272402
51	278984
52	285680
53	292340
54	298940
55	305540
56	312237
57	318828
58	325541
59	332208
60	338858
61	345506
62	352126
63	358753
64	365413
65	373027
66	380639
67	388217
68	395853
69	403472
70	411105
71	418755
72	426341
73	433949
74	441627
75	449242
76	456870
77	464448
78	472057
79	479678
80	487266
81	494884
82	502494
83	510064
84	517624
85	525194
86	532822
87	540383
88	548025
89	555661
90	563286
91	570811
92	578422
93	586043
94	593644
95	601315
96	608970
97	616551
98	624170
99	631774
100	639399
101	646990
102	654625
103	662176
104	669808
105	677422
106	685036
107	692677
108	700221
109	707849
110	715520
111	723169
112	730805
113	738445
114	746004
115	753679
116	761270
117	768906
118	776539
119	784213
120	791867
121	799492
122	807147
123	814818
124	822454
125	830068
126	837687
127	845240
128	852806
129	861426
130	869871
131	878361
132	886896
133	895476
134	904050
135	912680
136	921232
137	929787
138	938237
139	946785
140	955405
141	964057
142	972643
143	981253
144	989699
145	998307
146	1006868
147	1015447
148	1024038
149	1032637
150	1041221
151	1049785
152	1058395
153	1066905
154	1075465
155	1084048
156	1092675
157	1101229
158	1109723
159	1118321
160	1126926
161	1135599
162	1144130
163	1152782
164	1161332
165	1169899
166	1178439
167	1187010
168	1195583
169	1204149
170	1212715
171	1221364
172	1229939
173	1238439
174	1247049
175	1255641
176	1264146
177	1272755
178	1281197
179	1289832
180	1298409
181	1306958
182	1315485
183	1324075
184	1332706
185	1341366
186	1349956
187	1358556
188	1367040
189	1375501
190	1384073
191	1392695
192	1401282
193	1409762
194	1418254
195	1426812
196	1435422
197	1443906
198	1452384
199	1460990
200	1469554
201	1478252
202	1486719
203	1495333
204	1503914
205	1512526
206	1521117
207	1529677
208	1538286
209	1546943
210	1555498
211	1564123
212	1572784
213	1581371
214	1589966
215	1598348
216	1606908
217	1615378
218	1623960
219	1632573
220	1641130
221	1649654
222	1658250
223	1666787
224	1675343
225	1683939
226	1692408
227	1701013
228	1709631
229	1718184
230	1726658
231	1735222
232	1743762
233	1752308
234	1760913
235	1769386
236	1777894
237	1786476
238	1794942
239	1803474
240	1812024
241	1820569
242	1829217
243	1837806
244	1846374
245	1854983
246	1863440
247	1872103
248	1880667
249	1889214
250	1897741
251	1906363
252	1914983
253	1923622
254	1932261
255	1940899
256	1949431
257	1958897
258	1968425
259	1977929
260	1987457
261	1996942
262	2006558
263	2015950
264	2025532
265	2035086
266	2044572
267	2054049
268	2063548
269	2073074
270	2082506
271	2092019
272	2101527
273	2111142
274	2120674
275	2130263
276	2139753
277	2149224
278	2158738
279	2168227
280	2177738
281	2187248
282	2196784
283	2206260
284	2215756
285	2225404
286	2234893
287	2244423
288	2253807
289	2263446
290	2272925
291	2282244
292	2291871
293	2301309
294	2310822
295	2320380
296	2329866
297	2339290
298	2348853
299	2358331
300	2367838
301	2377364
302	2386834
303	2396367
304	2405842
305	2415287
306	2424806
307	2434400
308	2443820
309	2453282
310	2462896
311	2472330
312	2481870
313	2491355
314	2500972
315	2510434
316	2520015
317	2529578
318	2539126
319	2548667
320	2558171
321	2567642
322	2577164
323	2586790
324	2596263
325	2605824
326	2615466
327	2625009
328	2634575
329	2643998
330	2653508
331	2662948
332	2672440
333	2682012
334	2691496
335	2700968
336	2710575
337	2720141
338	2729591
339	2739108
340	2748667
341	2758220
342	2767648
343	2777123
344	2786597
345	2796072
346	2805606
347	2815135
348	2824601
349	2834164
350	2843752
351	2853217
352	2862744
353	2872498
354	2881968
355	2891216
356	2900792
357	2910355
358	2919753
359	2929281
360	2938884
361	2948446
362	2958067
363	2967545
364	2977106
365	2986665
366	2996254
367	3005778
368	3015313
369	3024950
370	3034366
371	3043899
372	3053435
373	3063000
374	3072623
375	3082165
376	3091732
377	3101162
378	3110773
379	3120224
380	3129690
381	3139180
382	3148686
383	3158082
384	3167619
385	3177382
386	3187010
387	3196403
388	3205897
389	3215620
390	3225208
391	3234689
392	3244170
393	3253715
394	3263354
395	3272842
396	3282405
397	3291980
398	3301515
399	3310969
400	3320542
401	3329909
402	3339520
403	3348977
404	3358544
405	3368078
406	3377635
407	3387113
408	3396636
409	3406137
410	3415776
411	3425317
412	3434896
413	3444359
414	3453870
415	3463296
416	3472721
417	3482208
418	3491728
419	3501313
420	3510857
421	3520314
422	3529867
423	3539389
424	3548842
425	3558482
426	3568079
427	3577580
428	3587049
429	3596614
430	3606084
431	3615540
432	3625066
433	3634669
434	3644174
435	3653783
436	3663248
437	3672694
438	3682157
439	3691667
440	3701263
441	3710837
442	3720334
443	3729809
444	3739261
445	3748738
446	3758197
447	3767768
448	3777231
449	3786712
450	3796194
451	3805733
452	3815279
453	3824808
454	3834399
455	3843917
456	3853449
457	3863156
458	3872512
459	3882020
460	3891508
461	3900897
462	3910548
463	3920115
464	3929570
465	3938976
466	3948581
467	3958208
468	3967674
469	3977085
470	3986616
471	3996174
472	4005644
473	4015112
474	4024535
475	4034161
476	4043634
477	4053297
478	4062766
479	4072241
480	4081776
481	4091371
482	4100840
483	4110350
484	4119886
485	4129368
486	4138937
487	4148388
488	4157944
489	4167538
490	4176979
491	4186597
492	4196054
493	4205645
494	4215075
495	4224590
496	4233969
497	4243419
498	4253043
499	4262523
500	4272134
501	4281621
502	4291072
503	4300641
504	4310251
505	4319736
506	4329111
507	4338659
508	4348113
509	4357617
510	4367130
511	4376589
512	4386111
513	4396611
514	4407068
515	4417477
516	4427937
517	4438479
518	4449017
519	4459398
520	4469818
521	4480313
522	4490723
523	4501257
524	4511661
525	4522121
526	4532568
527	4542916
528	4553310
529	4563864
530	4574448
531	4584865
532	4595317
533	4605757
534	4616258
535	4626729
536	4637159
537	4647543
538	4658083
539	4668485
540	4678959
541	4689419
542	4699856
543	4710279
544	4720757
545	4731234
546	4741647
547	4752086
548	4762532
549	4772999
550	4783512
551	4793915
552	4804419
553	4815112
554	4825466
555	4835814
556	4846388
557	4856784
558	4867265
559	4877795
560	4888348
561	4898734
562	4909231
563	4919634
564	4930098
565	4940480
566	4951028
567	4961603
568	4972110
569	4982530
570	4993049
571	5003484
572	5014119
573	5024463
574	5034803
575	5045156
576	5055717
577	5066509
578	5076955
579	5087456
580	5097984
581	5108342
582	5118944
583	5129540
584	5140074
585	5150504
586	5160843
587	5171432
588	5181923
589	5192371
590	5202861
591	5213361
592	5223932
593	5234321
594	5244879
595	5255209
596	5265649
597	5276323
598	5286824
599	5297175
600	5307676
601	5318057
602	5328499
603	5338996
604	5349488
605	5360047
606	5370615
607	5381115
608	5391669
609	5402080
610	5412564
611	5423003
612	5433494
613	5443983
614	5454416
615	5464966
616	5475413
617	5485987
618	5496534
619	5506907
620	5517467
621	5527808
622	5538376
623	5548844
624	5559313
625	5569877
626	5580324
627	5590923
628	5601476
629	5611944
630	5622346
631	5632724
632	5643161
633	5653549
634	5664037
635	5674600
636	5685008
637	5695700
638	5706202
639	5716739
640	5727303
641	5737710
642	5747851
643	5758389
644	5768940
645	5779619
646	5790180
647	5800593
648	5811080
649	5821509
650	5831875
651	5842447
652	5853024
653	5863550
654	5873949
655	5884400
656	5894806
657	5905321
658	5915753
659	5926073
660	5936566
661	5946991
662	5957446
663	5967801
664	5978436
665	5989055
666	5999541
667	6010100
668	6020597
669	6030929
670	6041470
671	6051936
672	6062348
673	6072876
674	6083470
675	6093849
676	6104384
677	6114915
678	6125326
679	6135877
680	6146271
681	6156826
682	6167259
683	6177447
684	6187937
685	6198426
686	6208899
687	6219469
688	6230012
689	6240333
690	6250640
691	6261032
692	6271534
693	6281927
694	6292413
695	6303050
696	6313465
697	6323901
698	6334358
699	6344875
700	6355292
701	6365576
702	6376079
703	6386409
704	6396728
705	6407559
706	6417994
707	6428397
708	6438860
709	6449203
710	6459718
711	6470088
712	6480520
713	6491193
714	6501812
715	6511980
716	6522497
717	6533073
718	6543467
719	6553800
720	6564281
721	6574761
722	6585172
723	6595610
724	6605965
725	6616216
726	6626589
727	6637164
728	6647551
729	6657992
730	6668406
731	6679033
732	6689414
733	6699867
734	6710336
735	6720936
736	6731448
737	6742239
738	6752643
739	6763085
740	6773506
741	6784092
742	6794442
743	6804862
744	6815393
745	6826151
746	6836589
747	6846913
748	6857419
749	6868434
750	6878847
751	6888922
752	6899385
753	6909845
754	6920322
755	6930634
756	6941161
757	6951651
758	6962126
759	6972777
760	6983203
761	6993498
762	7004104
763	7014596
764	7025028
765	7035325
766	7045704
767	7056124
768	7066706
769	7077429
770	7087876
771	7098098
772	7108577
773	7118823
774	7129166
775	7139804
776	7150194
777	7160837
778	7171411
779	7181970
780	7192438
781	7202939
782	7213355
783	7223681
784	7234197
785	7244775
786	7255151
787	7265623
788	7276139
789	7286607
790	7297079
791	7307604
792	7318121
793	7328658
794	7338954
795	7349588
796	7360214
797	7370659
798	7381155
799	7391457
800	7401868
801	7412392
802	7422853
803	7433365
804	7443717
805	7454082
806	7464637
807	7475094
808	7485646
809	7496136
810	7506551
811	7517043
812	7527559
813	7538023
814	7548528
815	7558970
816	7569484
817	7580032
818	7590552
819	7600834
820	7611517
821	7622051
822	7632415
823	7643022
824	7653447
825	7663806
826	7674016
827	7684776
828	7695284
829	7705785
830	7716294
831	7726628
832	7737089
833	7747688
834	7758172
835	7768614
836	7779146
837	7789592
838	7799988
839	7810615
840	7821059
841	7831384
842	7841793
843	7852244
844	7862849
845	7873202
846	7883635
847	7894065
848	7904583
849	7915185
850	7925578
851	7935926
852	7946431
853	7957060
854	7967470
855	7978048
856	7988554
857	7998786
858	8009285
859	8019770
860	8030278
861	8040924
862	8051332
863	8061602
864	8072003
865	8082595
866	8092949
867	8103438
868	8114022
869	8124655
870	8135008
871	8145508
872	8155992
873	8166488
874	8176855
875	8187087
876	8197522
877	8207883
878	8218468
879	8228777
880	8239256
881	8249785
882	8260202
883	8270553
884	8281016
885	8291425
886	8302034
887	8312398
888	8323014
889	8333198
890	8343826
891	8354403
892	8364787
893	8375337
894	8385691
895	8396326
896	8406770
897	8417322
898	8427652
899	8438092
900	8448586
901	8459134
902	8469429
903	8479926
904	8490528
905	8501073
906	8511515
907	8521874
908	8532390
909	8542912
910	8553469
911	8563975
912	8574352
913	8584735
914	8595284
915	8605844
916	8616280
917	8626758
918	8637256
919	8647744
920	8658171
921	8668580
922	8678887
923	8689356
924	8699917
925	8710306
926	8720753
927	8731434
928	8741895
929	8752341
930	8762832
931	8773262
932	8783863
933	8794403
934	8804977
935	8815479
936	8826004
937	8836410
938	8846934
939	8857467
940	8867961
941	8878354
942	8888781
943	8899340
944	8909780
945	8920114
946	8930642
947	8941045
948	8951617
949	8962000
950	8972448
951	8982920
952	8993309
953	9003729
954	9014315
955	9024658
956	9035152
957	9045585
958	9056061
959	9066425
960	9076862
961	9087487
962	9097832
963	9108247
964	9118757
965	9129160
966	9139661
967	9150208
968	9160645
969	9171065
970	9181566
971	9191904
972	9202436
973	9213038
974	9223437
975	9233915
976	9244380
977	9254949
978	9265468
979	9275831
980	9286414
981	9296949
982	9307406
983	9317805
984	9328291
985	9338865
986	9349341
987	9359751
988	9370215
989	9380735
990	9391203
991	9401677
992	9412216
993	9422460
994	9432904
995	9443430
996	9453830
997	9464385
998	9474924
999	9485279
1000	9495709
