n	time
1	1
2	202
3	503
4	805
5	1202
6	1600
7	1999
8	2400
9	2901
10	3398
11	3896
12	4396
13	4899
14	5400
15	5898
16	6395
17	6996
18	7596
19	8189
20	8790
21	9389
22	9987
23	10588
24	11190
25	11790
26	12388
27	12990
28	13592
29	14193
30	14795
31	15396
32	15998
33	16689
34	17389
35	18089
36	18791
37	19488
38	20189
39	20881
40	21577
41	22269
42	22969
43	23664
44	24360
45	25060
46	25759
47	26452
48	27137
49	27833
50	28531
51	29225
52	29924
53	30621
54	31313
55	31998
56	32698
57	33400
58	34097
59	34791
60	35492
61	36193
62	36895
63	37592
64	38293
65	39088
66	39884
67	40684
68	41485
69	42282
70	43083
71	43879
72	44674
73	45467
74	46262
75	47065
76	47860
77	48652
78	49451
79	50254
80	51041
81	51841
82	52643
83	53441
84	54242
85	55041
86	55843
87	56645
88	57447
89	58245
90	59043
91	59837
92	60632
93	61437
94	62243
95	63030
96	63824
97	64623
98	65425
99	66204
100	67001
101	67805
102	68610
103	69396
104	70192
105	70998
106	71799
107	72591
108	73393
109	74191
110	74993
111	75788
112	76583
113	77385
114	78178
115	78982
116	79784
117	80582
118	81385
119	82184
120	82985
121	83781
122	84583
123	85383
124	86173
125	86968
126	87763
127	88563
128	89365
129	90266
130	91153
131	92042
132	92944
133	93837
134	94738
135	95623
136	96517
137	97407
138	98310
139	99207
140	100108
141	101013
142	101914
143	102818
144	103718
145	104611
146	105508
147	106405
148	107310
149	108211
150	109092
151	109995
152	110896
153	111795
154	112698
155	113594
156	114496
157	115393
158	116278
159	117178
160	118073
161	118967
162	119866
163	120761
164	121646
165	122555
166	123455
167	124356
168	125260
169	126145
170	127030
171	127929
172	128825
173	129733
174	130633
175	131538
176	132438
177	133344
178	134236
179	135134
180	136036
181	136911
182	137811
183	138715
184	139614
185	140509
186	141410
187	142312
188	143213
189	144102
190	144998
191	145901
192	146802
193	147693
194	148591
195	149501
196	150401
197	151298
198	152195
199	153094
200	153978
201	154885
202	155783
203	156690
204	157589
205	158468
206	159365
207	160260
208	161155
209	162057
210	162958
211	163850
212	164743
213	165639
214	166536
215	167429
216	168330
217	169235
218	170136
219	171033
220	171931
221	172828
222	173728
223	174630
224	175531
225	176434
226	177338
227	178240
228	179145
229	180045
230	180936
231	181838
232	182733
233	183628
234	184517
235	185417
236	186314
237	187213
238	188104
239	189002
240	189902
241	190803
242	191696
243	192591
244	193491
245	194385
246	195283
247	196181
248	197074
249	197969
250	198869
251	199773
252	200667
253	201566
254	202467
255	203369
256	204271
257	205272
258	206270
259	207273
260	208274
261	209278
262	210281
263	211281
264	212282
265	213280
266	214283
267	215281
268	216282
269	217282
270	218281
271	219287
272	220281
273	221280
274	222281
275	223284
276	224287
277	225280
278	226280
279	227281
280	228283
281	229282
282	230273
283	231274
284	232268
285	233269
286	234270
287	235265
288	236258
289	237261
290	238266
291	239249
292	240252
293	241253
294	242252
295	243250
296	244253
297	245242
298	246236
299	247242
300	248237
301	249242
302	250231
303	251232
304	252232
305	253235
306	254229
307	255228
308	256217
309	257207
310	258211
311	259221
312	260214
313	261202
314	262195
315	263189
316	264193
317	265203
318	266189
319	267183
320	268177
321	269167
322	270158
323	271152
324	272153
325	273142
326	274143
327	275144
328	276146
329	277154
330	278153
331	279151
332	280149
333	281142
334	282118
335	283119
336	284103
337	285085
338	286089
339	287089
340	288084
341	289090
342	290089
343	291075
344	292055
345	293063
346	294057
347	295046
348	296042
349	297035
350	298035
351	299031
352	300030
353	301033
354	302033
355	303032
356	304027
357	305022
358	306020
359	307015
360	308019
361	309010
362	310004
363	310997
364	312002
365	313003
366	313989
367	314997
368	315997
369	316982
370	317975
371	318984
372	319983
373	320992
374	322001
375	322996
376	323991
377	324983
378	325978
379	326983
380	327986
381	328988
382	329988
383	330991
384	331985
385	332977
386	333974
387	334975
388	335973
389	336978
390	337988
391	338984
392	339969
393	340953
394	341930
395	342925
396	343924
397	344906
398	345902
399	346887
400	347872
401	348868
402	349875
403	350867
404	351858
405	352861
406	353862
407	354850
408	355838
409	356837
410	357842
411	358837
412	359824
413	360830
414	361832
415	362832
416	363831
417	364831
418	365836
419	366826
420	367833
421	368824
422	369821
423	370818
424	371818
425	372826
426	373822
427	374809
428	375809
429	376819
430	377805
431	378806
432	379809
433	380819
434	381807
435	382807
436	383810
437	384806
438	385797
439	386807
440	387807
441	388804
442	389807
443	390800
444	391793
445	392798
446	393802
447	394805
448	395806
449	396795
450	397787
451	398792
452	399774
453	400781
454	401786
455	402784
456	403787
457	404780
458	405778
459	406769
460	407766
461	408771
462	409759
463	410766
464	411759
465	412752
466	413755
467	414758
468	415758
469	416755
470	417749
471	418753
472	419746
473	420744
474	421751
475	422732
476	423736
477	424736
478	425733
479	426723
480	427724
481	428728
482	429728
483	430714
484	431711
485	432713
486	433708
487	434710
488	435710
489	436700
490	437689
491	438688
492	439684
493	440679
494	441679
495	442670
496	443671
497	444674
498	445661
499	446653
500	447654
501	448649
502	449632
503	450633
504	451634
505	452632
506	453634
507	454636
508	455629
509	456622
510	457623
511	458625
512	459618
513	460719
514	461821
515	462919
516	464021
517	465124
518	466217
519	467297
520	468398
521	469499
522	470593
523	471688
524	472781
525	473881
526	474972
527	476073
528	477175
529	478269
530	479367
531	480474
532	481566
533	482669
534	483763
535	484862
536	485963
537	487045
538	488144
539	489224
540	490313
541	491426
542	492520
543	493608
544	494683
545	495779
546	496873
547	497975
548	499074
549	500182
550	501283
551	502386
552	503487
553	504567
554	505661
555	506769
556	507869
557	508971
558	510068
559	511172
560	512275
561	513354
562	514442
563	515542
564	516624
565	517725
566	518818
567	519916
568	520996
569	522092
570	523175
571	524282
572	525386
573	526483
574	527586
575	528684
576	529784
577	530865
578	531966
579	533084
580	534184
581	535262
582	536363
583	537466
584	538565
585	539665
586	540757
587	541851
588	542954
589	544045
590	545137
591	546240
592	547337
593	548433
594	549505
595	550613
596	551710
597	552810
598	553913
599	555007
600	556112
601	557204
602	558306
603	559410
604	560517
605	561607
606	562702
607	563793
608	564895
609	566008
610	567119
611	568205
612	569304
613	570408
614	571503
615	572598
616	573695
617	574790
618	575895
619	576986
620	578092
621	579189
622	580291
623	581394
624	582478
625	583550
626	584654
627	585735
628	586827
629	587913
630	589028
631	590134
632	591231
633	592327
634	593424
635	594538
636	595633
637	596729
638	597831
639	598889
640	599989
641	601083
642	602176
643	603287
644	604392
645	605489
646	606577
647	607645
648	608745
649	609853
650	610957
651	612059
652	613154
653	614245
654	615349
655	616455
656	617543
657	618650
658	619740
659	620847
660	621951
661	623038
662	624148
663	625247
664	626349
665	627453
666	628557
667	629640
668	630742
669	631848
670	632951
671	634042
672	635142
673	636221
674	637320
675	638433
676	639531
677	640616
678	641730
679	642829
680	643927
681	645041
682	646134
683	647218
684	648321
685	649404
686	650487
687	651589
688	652690
689	653785
690	654891
691	655995
692	657105
693	658185
694	659272
695	660385
696	661479
697	662585
698	663673
699	664775
700	665880
701	666983
702	668076
703	669176
704	670267
705	671369
706	672451
707	673550
708	674649
709	675747
710	676833
711	677939
712	679039
713	680151
714	681235
715	682331
716	683436
717	684540
718	685617
719	686735
720	687832
721	688910
722	690011
723	691114
724	692189
725	693313
726	694416
727	695488
728	696594
729	697700
730	698805
731	699913
732	701014
733	702093
734	703177
735	704304
736	705401
737	706479
738	707559
739	708673
740	709783
741	710878
742	711966
743	713077
744	714176
745	715287
746	716387
747	717495
748	718596
749	719694
750	720779
751	721877
752	722977
753	724058
754	725161
755	726236
756	727344
757	728437
758	729551
759	730643
760	731732
761	732811
762	733915
763	735010
764	736105
765	737198
766	738300
767	739408
768	740501
769	741590
770	742687
771	743801
772	744904
773	746002
774	747093
775	748204
776	749304
777	750385
778	751477
779	752591
780	753670
781	754746
782	755845
783	756966
784	758045
785	759143
786	760245
787	761346
788	762447
789	763558
790	764642
791	765747
792	766826
793	767897
794	768987
795	770115
796	771199
797	772288
798	773383
799	774458
800	775563
801	776680
802	777790
803	778881
804	779971
805	781077
806	782168
807	783262
808	784368
809	785450
810	786535
811	787637
812	788733
813	789808
814	790911
815	792006
816	793113
817	794198
818	795302
819	796403
820	797488
821	798554
822	799675
823	800756
824	801853
825	802968
826	804070
827	805156
828	806246
829	807347
830	808451
831	809547
832	810648
833	811757
834	812865
835	813959
836	815050
837	816152
838	817244
839	818336
840	819418
841	820495
842	821614
843	822708
844	823802
845	824897
846	826002
847	827103
848	828187
849	829291
850	830385
851	831486
852	832575
853	833657
854	834739
855	835831
856	836933
857	838046
858	839152
859	840241
860	841330
861	842421
862	843519
863	844603
864	845692
865	846786
866	847916
867	849003
868	850099
869	851190
870	852285
871	853396
872	854501
873	855588
874	856688
875	857784
876	858864
877	859957
878	861050
879	862155
880	863257
881	864340
882	865452
883	866553
884	867648
885	868722
886	869810
887	870898
888	871988
889	873096
890	874192
891	875283
892	876377
893	877481
894	878591
895	879689
896	880791
897	881899
898	882996
899	884073
900	885157
901	886260
902	887360
903	888452
904	889554
905	890644
906	891732
907	892824
908	893922
909	895013
910	896116
911	897213
912	898314
913	899399
914	900495
915	901589
916	902687
917	903778
918	904879
919	905967
920	907069
921	908164
922	909247
923	910346
924	911442
925	912549
926	913656
927	914766
928	915859
929	916920
930	918004
931	919087
932	920189
933	921302
934	922394
935	923485
936	924566
937	925666
938	926764
939	927831
940	928917
941	930021
942	931119
943	932233
944	933320
945	934411
946	935514
947	936610
948	937702
949	938793
950	939888
951	940984
952	942069
953	943174
954	944238
955	945342
956	946441
957	947533
958	948639
959	949729
960	950829
961	951911
962	953016
963	954128
964	955193
965	956294
966	957365
967	958431
968	959523
969	960632
970	961710
971	962769
972	963869
973	964981
974	966086
975	967177
976	968279
977	969369
978	970469
979	971544
980	972634
981	973720
982	974820
983	975922
984	977023
985	978130
986	979231
987	980322
988	981422
989	982511
990	983609
991	984703
992	985804
993	986886
994	987989
995	989098
996	990189
997	991293
998	992397
999	993492
1000	994594
