130 8385
1 2 119
1 3 169
1 4 248
1 5 160
1 6 508
1 7 295
1 8 199
1 9 544
1 10 431
1 11 165
1 12 382
1 13 409
1 14 424
1 15 272
1 16 87
1 17 156
1 18 187
1 19 225
1 20 200
1 21 249
1 22 301
1 23 332
1 24 284
1 25 353
1 26 243
1 27 201
1 28 220
1 29 304
1 30 241
1 31 175
1 32 404
1 33 265
1 34 148
1 35 198
1 36 416
1 37 299
1 38 331
1 39 65
1 40 319
1 41 37
1 42 325
1 43 206
1 44 313
1 45 97
1 46 180
1 47 318
1 48 348
1 49 394
1 50 105
1 51 369
1 52 527
1 53 376
1 54 174
1 55 388
1 56 505
1 57 537
1 58 388
1 59 270
1 60 382
1 61 168
1 62 135
1 63 271
1 64 281
1 65 475
1 66 388
1 67 411
1 68 299
1 69 304
1 70 242
1 71 65
1 72 452
1 73 465
1 74 504
1 75 508
1 76 127
1 77 401
1 78 355
1 79 301
1 80 169
1 81 383
1 82 553
1 83 189
1 84 419
1 85 345
1 86 355
1 87 382
1 88 308
1 89 303
1 90 319
1 91 527
1 92 403
1 93 262
1 94 342
1 95 302
1 96 401
1 97 250
1 98 321
1 99 499
1 100 227
1 101 587
1 102 523
1 103 419
1 104 173
1 105 115
1 106 328
1 107 185
1 108 197
1 109 160
1 110 297
1 111 588
1 112 121
1 113 394
1 114 197
1 115 187
1 116 274
1 117 121
1 118 174
1 119 459
1 120 391
1 121 303
1 122 380
1 123 589
1 124 203
1 125 321
1 126 235
1 127 150
1 128 89
1 129 166
1 130 81
2 3 139
2 4 130
2 5 273
2 6 390
2 7 364
2 8 137
2 9 468
2 10 323
2 11 282
2 12 309
2 13 313
2 14 317
2 15 230
2 16 190
2 17 113
2 18 109
2 19 197
2 20 86
2 21 157
2 22 192
2 23 224
2 24 229
2 25 374
2 26 326
2 27 169
2 28 274
2 29 259
2 30 215
2 31 133
2 32 403
2 33 172
2 34 132
2 35 81
2 36 409
2 37 189
2 38 236
2 39 106
2 40 207
2 41 114
2 42 206
2 43 222
2 44 195
2 45 213
2 46 74
2 47 207
2 48 374
2 49 280
2 50 39
2 51 250
2 52 442
2 53 259
2 54 75
2 55 272
2 56 433
2 57 465
2 58 274
2 59 242
2 60 263
2 61 285
2 62 203
2 63 308
2 64 389
2 65 402
2 66 391
2 67 310
2 68 325
2 69 410
2 70 304
2 71 92
2 72 340
2 73 372
2 74 414
2 75 419
2 76 246
2 77 359
2 78 307
2 79 228
2 80 59
2 81 320
2 82 491
2 83 179
2 84 412
2 85 342
2 86 458
2 87 309
2 88 406
2 89 286
2 90 313
2 91 413
2 92 304
2 93 148
2 94 318
2 95 236
2 96 299
2 97 322
2 98 332
2 99 402
2 100 175
2 101 539
2 102 407
2 103 364
2 104 203
2 105 184
2 106 217
2 107 228
2 108 137
2 109 278
2 110 298
2 111 548
2 112 173
2 113 392
2 114 154
2 115 230
2 116 211
2 117 145
2 118 57
2 119 442
2 120 273
2 121 245
2 122 267
2 123 547
2 124 305
2 125 317
2 126 180
2 127 205
2 128 175
2 129 270
2 130 57
3 4 220
3 5 256
3 6 409
3 7 463
3 8 48
3 9 596
3 10 301
3 11 278
3 12 441
3 13 262
3 14 295
3 15 369
3 16 176
3 17 250
3 18 68
3 19 335
3 20 140
3 21 118
3 22 191
3 23 211
3 24 368
3 25 501
3 26 412
3 27 307
3 28 169
3 29 398
3 30 78
3 31 271
3 32 538
3 33 132
3 34 264
3 35 189
3 36 545
3 37 193
3 38 358
3 39 105
3 40 214
3 41 134
3 42 263
3 43 348
3 44 238
3 45 215
3 46 114
3 47 212
3 48 499
3 49 368
3 50 102
3 51 300
3 52 564
3 53 337
3 54 208
3 55 290
3 56 564
3 57 595
3 58 364
3 59 106
3 60 311
3 61 316
3 62 135
3 63 427
3 64 442
3 65 532
3 66 252
3 67 272
3 68 450
3 69 464
3 70 407
3 71 104
3 72 427
3 73 489
3 74 534
3 75 539
3 76 263
3 77 498
3 78 186
3 79 362
3 80 120
3 81 456
3 82 626
3 83 43
3 84 548
3 85 203
3 86 518
3 87 441
3 88 473
3 89 423
3 90 174
3 91 493
3 92 416
3 93 175
3 94 457
3 95 372
3 96 263
3 97 419
3 98 463
3 99 516
3 100 314
3 101 676
3 102 416
3 103 502
3 104 322
3 105 128
3 106 319
3 107 341
3 108 46
3 109 299
3 110 431
3 111 686
3 112 105
3 113 527
3 114 29
3 115 124
3 116 349
3 117 70
3 118 141
3 119 580
3 120 342
3 121 134
3 122 269
3 123 685
3 124 368
3 125 178
3 126 68
3 127 310
3 128 146
3 129 332
3 130 105
4 5 404
4 6 273
4 7 449
4 8 187
4 9 386
4 10 240
4 11 412
4 12 244
4 13 256
4 14 235
4 15 225
4 16 320
4 17 164
4 18 156
4 19 221
4 20 79
4 21 152
4 22 127
4 23 156
4 24 209
4 25 413
4 26 424
4 27 200
4 28 383
4 29 243
4 30 276
4 31 171
4 32 418
4 33 157
4 34 196
4 35 50
4 36 416
4 37 120
4 38 148
4 39 232
4 40 127
4 41 244
4 42 82
4 43 281
4 44 85
4 45 343
4 46 105
4 47 128
4 48 418
4 49 153
4 50 159
4 51 125
4 52 349
4 53 129
4 54 90
4 55 166
4 56 359
4 57 388
4 58 148
4 59 296
4 60 138
4 61 411
4 62 323
4 63 370
4 64 504
4 65 327
4 66 454
4 67 243
4 68 375
4 69 524
4 70 387
4 71 218
4 72 213
4 73 272
4 74 317
4 75 323
4 76 375
4 77 330
4 78 327
4 79 179
4 80 102
4 81 270
4 82 427
4 83 263
4 84 419
4 85 405
4 86 567
4 87 244
4 88 514
4 89 299
4 90 375
4 91 284
4 92 198
4 93 83
4 94 319
4 95 197
4 96 232
4 97 412
4 98 368
4 99 296
4 100 180
4 101 489
4 102 294
4 103 319
4 104 277
4 105 307
4 106 99
4 107 308
4 108 189
4 109 406
4 110 328
4 111 507
4 112 292
4 113 405
4 114 218
4 115 337
4 116 185
4 117 258
4 118 85
4 119 435
4 120 142
4 121 265
4 122 173
4 123 505
4 124 419
4 125 382
4 126 221
4 127 296
4 128 303
4 129 386
4 130 183
5 6 649
5 7 328
5 8 302
5 9 696
5 10 555
5 11 31
5 12 536
5 13 519
5 14 548
5 15 417
5 16 86
5 17 311
5 18 306
5 19 366
5 20 345
5 21 368
5 22 433
5 23 460
5 24 433
5 25 442
5 26 264
5 27 346
5 28 177
5 29 447
5 30 298
5 31 328
5 32 508
5 33 383
5 34 295
5 35 355
5 36 526
5 37 434
5 38 490
5 39 177
5 40 454
5 41 160
5 42 476
5 43 322
5 44 460
5 45 63
5 46 320
5 47 453
5 48 432
5 49 553
5 50 248
5 51 519
5 52 683
5 53 533
5 54 335
5 55 528
5 56 656
5 57 688
5 58 547
5 59 320
5 60 532
5 61 105
5 62 129
5 63 353
5 64 228
5 65 627
5 66 377
5 67 528
5 68 389
5 69 248
5 70 299
5 71 189
5 72 612
5 73 624
5 74 662
5 75 665
5 76 65
5 77 538
5 78 412
5 79 457
5 80 313
5 81 532
5 82 698
5 83 246
5 84 528
5 85 347
5 86 305
5 87 536
5 88 275
5 89 430
5 90 332
5 91 686
5 92 564
5 93 402
5 94 469
5 95 454
5 96 519
5 97 290
5 98 422
5 99 658
5 100 377
5 101 722
5 102 661
5 103 563
5 104 286
5 105 128
5 106 488
5 107 281
5 108 300
5 109 79
5 110 410
5 111 717
5 112 152
5 113 501
5 114 284
5 115 179
5 116 426
5 117 186
5 118 324
5 119 574
5 120 546
5 121 379
5 122 514
5 123 719
5 124 190
5 125 330
5 126 322
5 127 247
5 128 112
5 129 167
5 130 222
6 7 719
6 8 360
6 9 474
6 10 136
6 11 664
6 12 410
6 13 204
6 14 139
6 15 463
6 16 563
6 17 435
6 18 347
6 19 477
6 20 307
6 21 290
6 22 218
6 23 198
6 24 438
6 25 662
6 26 697
6 27 462
6 28 573
6 29 469
6 30 417
6 31 439
6 32 647
6 33 278
6 34 467
6 35 321
6 36 638
6 37 216
6 38 325
6 39 472
6 40 196
6 41 493
6 42 190
6 43 547
6 44 195
6 45 594
6 46 330
6 47 197
6 48 669
6 49 208
6 50 405
6 51 149
6 52 419
6 53 188
6 54 363
6 55 121
6 56 471
6 57 486
6 58 214
6 59 419
6 60 137
6 61 675
6 62 542
6 63 634
6 64 776
6 65 448
6 66 549
6 67 177
6 68 633
6 69 797
6 70 658
6 71 461
6 72 211
6 73 351
6 74 384
6 75 392
6 76 634
6 77 523
6 78 382
6 79 392
6 80 339
6 81 449
6 82 544
6 83 440
6 84 639
6 85 510
6 86 840
6 87 410
6 88 787
6 89 538
6 90 487
6 91 208
6 92 301
6 93 247
6 94 545
6 95 414
6 96 178
6 97 684
6 98 616
6 99 345
6 100 433
6 101 624
6 102 30
6 103 493
6 104 548
6 105 531
6 106 256
6 107 579
6 108 362
6 109 667
6 110 576
6 111 654
6 112 510
6 113 634
6 114 389
6 115 530
6 116 417
6 117 473
6 118 333
6 119 639
6 120 162
6 121 350
6 122 139
6 123 650
6 124 691
6 125 495
6 126 362
6 127 569
6 128 539
6 129 657
6 130 430
7 8 486
7 9 531
7 10 681
7 11 301
7 12 407
7 13 677
7 14 675
7 15 285
7 16 333
7 17 285
7 18 467
7 19 251
7 20 446
7 21 522
7 22 552
7 23 585
7 24 314
7 25 158
7 26 64
7 27 260
7 28 484
7 29 300
7 30 536
7 31 280
7 32 237
7 33 537
7 34 253
7 35 407
7 36 261
7 37 548
7 38 429
7 39 360
7 40 563
7 41 331
7 42 530
7 43 174
7 44 534
7 45 301
7 46 439
7 47 563
7 48 143
7 49 542
7 50 378
7 51 570
7 52 545
7 53 543
7 54 360
7 55 615
7 56 489
7 57 516
7 58 534
7 59 565
7 60 582
7 61 225
7 62 406
7 63 102
7 64 162
7 65 471
7 66 674
7 67 673
7 68 129
7 69 165
7 70 61
7 71 359
7 72 584
7 73 520
7 74 540
7 75 540
7 76 264
7 77 340
7 78 649
7 79 361
7 80 423
7 81 379
7 82 498
7 83 484
7 84 263
7 85 634
7 86 167
7 87 407
7 88 124
7 89 236
7 90 610
7 91 655
7 92 495
7 93 505
7 94 263
7 95 345
7 96 662
7 97 44
7 98 171
7 99 557
7 100 293
7 101 489
7 102 742
7 103 382
7 104 171
7 105 390
7 106 475
7 107 141
7 108 485
7 109 250
7 110 191
7 111 469
7 112 405
7 113 237
7 114 490
7 115 464
7 116 326
7 117 414
7 118 416
7 119 313
7 120 566
7 121 595
7 122 618
7 123 473
7 124 140
7 125 611
7 126 526
7 127 159
7 128 358
7 129 161
7 130 363
8 9 571
8 10 253
8 11 323
8 12 421
8 13 217
8 14 247
8 15 362
8 16 220
8 17 250
8 18 33
8 19 334
8 20 109
8 21 69
8 22 143
8 23 163
8 24 357
8 25 510
8 26 440
8 27 306
8 28 215
8 29 389
8 30 88
8 31 269
8 32 541
8 33 83
8 34 269
8 35 166
8 36 546
8 37 146
8 38 332
8 39 140
8 40 166
8 41 168
8 42 220
8 43 358
8 44 194
8 45 258
8 46 87
8 47 164
8 48 510
8 49 329
8 50 110
8 51 256
8 52 536
8 53 297
8 54 195
8 55 241
8 56 542
8 57 571
8 58 326
8 59 111
8 60 266
8 61 356
8 62 183
8 63 441
8 64 478
8 65 510
8 66 269
8 67 225
8 68 461
8 69 501
8 70 429
8 71 134
8 72 388
8 73 460
8 74 504
8 75 510
8 76 305
8 77 487
8 78 169
8 79 345
8 80 99
8 81 440
8 82 606
8 83 83
8 84 548
8 85 219
8 86 554
8 87 421
8 88 507
8 89 423
8 90 189
8 91 451
8 92 386
8 93 132
8 94 453
8 95 358
8 96 216
8 97 443
8 98 470
8 99 484
8 100 308
8 101 661
8 102 367
8 103 487
8 104 335
8 105 176
8 106 286
8 107 358
8 108 2
8 109 340
8 110 435
8 111 674
8 112 153
8 113 529
8 114 32
8 115 171
8 116 337
8 117 117
8 118 119
8 119 577
8 120 299
8 121 110
8 122 221
8 123 673
8 124 402
8 125 195
8 126 43
8 127 330
8 128 191
8 129 365
8 130 123
9 10 549
9 11 689
9 12 161
9 13 597
9 14 546
9 15 282
9 16 632
9 17 387
9 18 538
9 19 333
9 20 462
9 21 537
9 22 493
9 23 510
9 24 262
9 25 388
9 26 555
9 27 350
9 28 742
9 29 254
9 30 660
9 31 369
9 32 323
9 33 540
9 34 400
9 35 407
9 36 300
9 37 485
9 38 239
9 39 567
9 40 480
9 41 563
9 42 394
9 43 397
9 44 424
9 45 635
9 46 485
9 47 482
9 48 403
9 49 289
9 50 508
9 51 393
9 52 56
9 53 324
9 54 393
9 55 459
9 56 42
9 57 19
9 58 287
9 59 682
9 60 394
9 61 648
9 62 666
9 63 431
9 64 671
9 65 68
9 66 840
9 67 574
9 68 401
9 69 683
9 70 492
9 71 554
9 72 264
9 73 127
9 74 90
9 75 82
9 76 641
9 77 190
9 78 710
9 79 243
9 80 476
9 81 166
9 82 77
9 83 640
9 84 300
9 85 791
9 86 698
9 87 161
9 88 649
9 89 298
9 90 761
9 91 281
9 92 198
9 93 463
9 94 268
9 95 242
9 96 566
9 97 523
9 98 361
9 99 129
9 100 318
9 101 158
9 102 505
9 103 149
9 104 428
9 105 646
9 106 295
9 107 447
9 108 573
9 109 658
9 110 340
9 111 196
9 112 639
9 113 315
9 114 600
9 115 698
9 116 270
9 117 614
9 118 455
9 119 265
9 120 343
9 121 650
9 122 488
9 123 190
9 124 602
9 125 767
9 126 607
9 127 470
9 128 628
9 129 587
9 130 523
10 11 574
10 12 447
10 13 67
10 14 6
10 15 463
10 16 470
10 17 399
10 18 249
10 19 462
10 20 237
10 21 186
10 22 131
10 23 99
10 24 443
10 25 654
10 26 649
10 27 440
10 28 454
10 29 477
10 30 293
10 31 409
10 32 656
10 33 171
10 34 430
10 35 275
10 36 651
10 37 134
10 38 349
10 39 383
10 40 118
10 41 408
10 42 175
10 43 519
10 44 157
10 45 506
10 46 251
10 47 118
10 48 659
10 49 259
10 50 325
10 51 158
10 52 497
10 53 225
10 54 323
10 55 90
10 56 536
10 57 557
10 58 262
10 59 291
10 60 155
10 61 597
10 62 436
10 63 609
10 64 710
10 65 507
10 66 414
10 67 41
10 68 616
10 69 732
10 70 620
10 71 374
10 72 291
10 73 421
10 74 461
10 75 469
10 76 550
10 77 551
10 78 247
10 79 405
10 80 265
10 81 482
10 82 609
10 83 325
10 84 653
10 85 375
10 86 781
10 87 447
10 88 730
10 89 538
10 90 354
10 91 317
10 92 355
10 93 177
10 94 554
10 95 425
10 96 43
10 97 641
10 98 608
10 99 426
10 100 420
10 101 684
10 102 129
10 103 530
10 104 511
10 105 429
10 106 275
10 107 541
10 108 255
10 109 585
10 110 569
10 111 709
10 112 407
10 113 643
10 114 277
10 115 415
10 116 420
10 117 370
10 118 267
10 119 664
10 120 205
10 121 219
10 122 69
10 123 706
10 124 628
10 125 362
10 126 244
10 127 523
10 128 443
10 129 592
10 130 349
11 12 530
11 13 540
11 14 567
11 15 408
11 16 103
11 17 308
11 18 324
11 19 357
11 20 358
11 21 387
11 22 450
11 23 478
11 24 426
11 25 420
11 26 237
11 27 339
11 28 208
11 29 438
11 30 324
11 31 324
11 32 489
11 33 403
11 34 290
11 35 362
11 36 507
11 37 450
11 38 490
11 39 192
11 40 470
11 41 171
11 42 487
11 43 307
11 44 473
11 45 69
11 46 334
11 47 469
11 48 410
11 49 559
11 50 260
11 51 531
11 52 679
11 53 541
11 54 339
11 55 543
11 56 648
11 57 680
11 58 553
11 59 347
11 60 543
11 61 76
11 62 156
11 63 332
11 64 197
11 65 620
11 66 408
11 67 548
11 68 369
11 69 217
11 70 275
11 71 203
11 72 617
11 73 622
11 74 659
11 75 662
11 76 48
11 77 526
11 78 439
11 79 453
11 80 326
11 81 524
11 82 687
11 83 272
11 84 510
11 85 378
11 86 274
11 87 530
11 88 244
11 89 416
11 90 362
11 91 692
11 92 564
11 93 417
11 94 455
11 95 449
11 96 539
11 97 264
11 98 403
11 99 657
11 100 372
11 101 709
11 102 677
11 103 553
11 104 271
11 105 153
11 106 492
11 107 264
11 108 321
11 109 50
11 110 393
11 111 702
11 112 176
11 113 482
11 114 306
11 115 208
11 116 421
11 117 208
11 118 335
11 119 557
11 120 555
11 121 405
11 122 531
11 123 704
11 124 162
11 125 360
11 126 345
11 127 231
11 128 132
11 129 142
11 130 234
12 13 483
12 14 443
12 15 130
12 16 470
12 17 226
12 18 387
12 19 179
12 20 314
12 21 395
12 22 364
12 23 388
12 24 105
12 25 290
12 26 419
12 27 192
12 28 581
12 29 108
12 30 509
12 31 208
12 32 250
12 33 401
12 34 240
12 35 254
12 36 236
12 37 356
12 38 99
12 39 406
12 40 356
12 41 401
12 42 275
12 43 251
12 44 301
12 45 474
12 46 334
12 47 358
12 48 302
12 49 202
12 50 348
12 51 290
12 52 149
12 53 227
12 54 234
12 55 357
12 56 124
12 57 156
12 58 196
12 59 532
12 60 295
12 61 493
12 62 504
12 63 305
12 64 531
12 65 93
12 66 690
12 67 464
12 68 284
12 69 545
12 70 359
12 71 393
12 72 213
12 73 113
12 74 135
12 75 136
12 76 483
12 77 114
12 78 571
12 79 81
12 80 323
12 81 40
12 82 185
12 83 484
12 84 237
12 85 640
12 86 568
12 87 0
12 88 516
12 89 173
12 90 610
12 91 270
12 92 112
12 93 326
12 94 158
12 95 81
12 96 454
12 97 390
12 98 251
12 99 150
12 100 158
12 101 245
12 102 440
12 103 83
12 104 278
12 105 485
12 106 172
12 107 301
12 108 422
12 109 502
12 110 219
12 111 265
12 112 478
12 113 239
12 114 448
12 115 538
12 116 109
12 117 454
12 118 302
12 119 230
12 120 251
12 121 508
12 122 380
12 123 262
12 124 456
12 125 616
12 126 459
12 127 318
12 128 467
12 129 437
12 130 362
13 14 65
13 15 481
13 16 437
13 17 403
13 18 222
13 19 474
13 20 231
13 21 159
13 22 131
13 23 99
13 24 465
13 25 666
13 26 639
13 27 450
13 28 403
13 29 499
13 30 240
13 31 416
13 32 675
13 33 143
13 34 432
13 35 281
13 36 673
13 37 137
13 38 384
13 39 355
13 40 129
13 41 382
13 42 208
13 43 523
13 44 182
13 45 475
13 46 238
13 47 128
13 48 669
13 49 308
13 50 306
13 51 204
13 52 548
13 53 272
13 54 328
13 55 140
13 56 581
13 57 604
13 58 310
13 59 234
13 60 204
13 61 572
13 62 395
13 63 613
13 64 691
13 65 551
13 66 348
13 67 27
13 68 624
13 69 713
13 70 616
13 71 347
13 72 347
13 73 470
13 74 512
13 75 519
13 76 522
13 77 581
13 78 181
13 79 432
13 80 253
13 81 516
13 82 653
13 83 279
13 84 675
13 85 311
13 86 764
13 87 483
13 88 715
13 89 555
13 90 292
13 91 379
13 92 400
13 93 179
13 94 575
13 95 451
13 96 31
13 97 635
13 98 621
13 99 478
13 100 434
13 101 725
13 102 195
13 103 565
13 104 511
13 105 391
13 106 311
13 107 538
13 108 219
13 109 557
13 110 582
13 111 748
13 112 367
13 113 662
13 114 235
13 115 367
13 116 441
13 117 332
13 118 261
13 119 690
13 120 256
13 121 160
13 122 109
13 123 745
13 124 611
13 125 300
13 126 199
13 127 517
13 128 408
13 129 574
13 130 327
14 15 458
14 16 464
14 17 394
14 18 243
14 19 456
14 20 231
14 21 180
14 22 125
14 23 92
14 24 438
14 25 649
14 26 642
14 27 435
14 28 449
14 29 472
14 30 288
14 31 404
14 32 651
14 33 165
14 34 424
14 35 269
14 36 647
14 37 128
14 38 345
14 39 377
14 40 112
14 41 402
14 42 170
14 43 514
14 44 152
14 45 500
14 46 245
14 47 112
14 48 653
14 49 257
14 50 319
14 51 155
14 52 495
14 53 223
14 54 317
14 55 87
14 56 533
14 57 555
14 58 260
14 59 286
14 60 152
14 61 591
14 62 430
14 63 603
14 64 704
14 65 505
14 66 410
14 67 38
14 68 610
14 69 726
14 70 614
14 71 368
14 72 290
14 73 418
14 74 459
14 75 467
14 76 544
14 77 547
14 78 243
14 79 400
14 80 258
14 81 479
14 82 606
14 83 319
14 84 649
14 85 371
14 86 775
14 87 443
14 88 724
14 89 533
14 90 350
14 91 317
14 92 352
14 93 171
14 94 549
14 95 421
14 96 39
14 97 635
14 98 603
14 99 424
14 100 415
14 101 681
14 102 133
14 103 527
14 104 505
14 105 423
14 106 271
14 107 535
14 108 249
14 109 579
14 110 563
14 111 706
14 112 400
14 113 638
14 114 270
14 115 409
14 116 415
14 117 364
14 118 261
14 119 660
14 120 203
14 121 214
14 122 64
14 123 702
14 124 622
14 125 358
14 126 238
14 127 517
14 128 436
14 129 586
14 130 343
15 16 359
15 17 122
15 18 330
15 19 51
15 20 269
15 21 358
15 22 351
15 23 382
15 24 29
15 25 198
15 26 291
15 27 71
15 28 486
15 29 31
15 30 444
15 31 101
15 32 193
15 33 368
15 34 124
15 35 208
15 36 192
15 37 344
15 38 147
15 39 309
15 40 352
15 41 298
15 42 290
15 43 121
15 44 306
15 45 357
15 46 279
15 47 353
15 48 206
15 49 266
15 50 267
15 51 321
15 52 278
15 53 276
15 54 168
15 55 379
15 56 240
15 57 272
15 58 259
15 59 471
15 60 330
15 61 366
15 62 404
15 63 185
15 64 401
15 65 214
15 66 621
15 67 468
15 68 174
15 69 416
15 70 233
15 71 298
15 72 301
15 73 238
15 74 265
15 75 266
15 76 360
15 77 131
15 78 527
15 79 77
15 80 265
15 81 116
15 82 281
15 83 409
15 84 194
15 85 572
15 86 441
15 87 130
15 88 389
15 89 75
15 90 543
15 91 371
15 92 209
15 93 305
15 94 94
15 95 59
15 96 457
15 97 263
15 98 153
15 99 276
15 100 54
15 101 315
15 102 490
15 103 147
15 104 148
15 105 384
15 106 207
15 107 171
15 108 362
15 109 376
15 110 113
15 111 320
15 112 382
15 113 180
15 114 383
15 115 446
15 116 46
15 117 364
15 118 246
15 119 216
15 120 301
15 121 464
15 122 394
15 123 320
15 124 326
15 125 547
15 126 404
15 127 189
15 128 361
15 129 307
15 130 274
16 17 244
16 18 221
16 19 310
16 20 259
16 21 284
16 22 348
16 23 375
16 24 372
16 25 420
16 26 273
16 27 287
16 28 151
16 29 390
16 30 229
16 31 263
16 32 478
16 33 299
16 34 235
16 35 272
16 36 492
16 37 348
16 38 416
16 39 91
16 40 368
16 41 76
16 42 390
16 43 282
16 44 374
16 45 40
16 46 234
16 47 367
16 48 413
16 49 471
16 50 162
16 51 434
16 52 614
16 53 450
16 54 256
16 55 442
16 56 593
16 57 625
16 58 465
16 59 254
16 60 446
16 61 144
16 62 72
16 63 333
16 64 274
16 65 563
16 66 341
16 67 445
16 68 366
16 69 296
16 70 291
16 71 103
16 72 530
16 73 551
16 74 591
16 75 594
16 76 90
16 77 487
16 78 346
16 79 389
16 80 228
16 81 470
16 82 640
16 83 175
16 84 495
16 85 304
16 86 353
16 87 470
16 88 313
16 89 385
16 90 283
16 91 604
16 92 488
16 93 316
16 94 424
16 95 390
16 96 435
16 97 291
16 98 393
16 99 584
16 100 314
16 101 672
16 102 575
16 103 506
16 104 246
16 105 60
16 106 407
16 107 251
16 108 218
16 109 124
16 110 373
16 111 671
16 112 80
16 113 469
16 114 205
16 115 131
16 116 361
16 117 107
16 118 239
16 119 537
16 120 462
16 121 306
16 122 429
16 123 672
16 124 212
16 125 282
16 126 244
16 127 215
16 128 31
16 129 179
16 130 137
17 18 220
17 19 84
17 20 174
17 21 260
17 22 273
17 23 306
17 24 129
17 25 265
17 26 263
17 27 56
17 28 364
17 29 153
17 30 327
17 31 21
17 32 291
17 33 273
17 34 32
17 35 124
17 36 296
17 37 268
17 38 184
17 39 187
17 40 281
17 41 178
17 42 245
17 43 120
17 44 249
17 45 248
17 46 175
17 47 282
17 48 267
17 49 274
17 50 147
17 51 286
17 52 372
17 53 267
17 54 76
17 55 329
17 56 349
17 57 381
17 58 266
17 59 355
17 60 298
17 61 282
17 62 283
17 63 210
17 64 352
17 65 319
17 66 501
17 67 395
17 68 221
17 69 372
17 70 223
17 71 176
17 72 325
17 73 313
17 74 351
17 75 354
17 76 262
17 77 253
17 78 419
17 79 145
17 80 160
17 81 227
17 82 398
17 83 288
17 84 299
17 85 453
17 86 410
17 87 226
17 88 356
17 89 173
17 90 424
17 91 401
17 92 259
17 93 225
17 94 206
17 95 145
17 96 384
17 97 248
17 98 222
17 99 349
17 100 71
17 101 437
17 102 457
17 103 266
17 104 113
17 105 263
17 106 204
17 107 144
17 108 249
17 109 285
17 110 186
17 111 442
17 112 260
17 113 279
17 114 267
17 115 324
17 116 117
17 117 242
17 118 145
17 119 330
17 120 288
17 121 357
17 122 334
17 123 442
17 124 268
17 125 428
17 126 293
17 127 135
17 128 242
17 129 240
17 130 152
18 19 303
18 20 76
18 21 63
18 22 128
18 23 153
18 24 325
18 25 483
18 26 423
18 27 275
18 28 237
18 29 357
18 30 121
18 31 239
18 32 511
18 33 79
18 34 241
18 35 133
18 36 515
18 37 130
18 38 299
18 39 134
18 40 150
18 41 160
18 42 195
18 43 331
18 44 170
18 45 256
18 46 53
18 47 149
18 48 483
18 49 301
18 50 88
18 51 233
18 52 504
18 53 270
18 54 162
18 55 226
18 56 509
18 57 538
18 58 297
18 59 145
18 60 244
18 61 350
18 62 195
18 63 416
18 64 469
18 65 476
18 66 302
18 67 226
18 68 435
18 69 491
18 70 408
18 71 126
18 72 360
18 73 428
18 74 472
18 75 478
18 76 301
18 77 455
18 78 198
18 79 312
18 80 66
18 81 407
18 82 573
18 83 109
18 84 518
18 85 252
18 86 543
18 87 387
18 88 494
18 89 392
18 90 222
18 91 425
18 92 354
18 93 108
18 94 422
18 95 325
18 96 216
18 97 423
18 98 441
18 99 452
18 100 276
18 101 628
18 102 356
18 103 454
18 104 310
18 105 184
18 106 255
18 107 335
18 108 34
18 109 337
18 110 407
18 111 641
18 112 163
18 113 499
18 114 62
18 115 192
18 116 304
18 117 126
18 118 86
18 119 545
18 120 274
18 121 136
18 122 209
18 123 640
18 124 390
18 125 228
18 126 74
18 127 308
18 128 194
18 129 353
18 130 106
19 20 250
19 21 339
19 22 343
19 23 375
19 24 73
19 25 192
19 26 248
19 27 28
19 28 442
19 29 81
19 30 412
19 31 64
19 32 207
19 33 351
19 34 77
19 35 193
19 36 212
19 37 337
19 38 178
19 39 267
19 40 347
19 41 253
19 42 295
19 43 78
19 44 306
19 45 307
19 46 256
19 47 348
19 48 197
19 49 291
19 50 232
19 51 330
19 52 328
19 53 295
19 54 148
19 55 384
19 56 291
19 57 323
19 58 283
19 59 440
19 60 341
19 61 315
19 62 359
19 63 157
19 64 355
19 65 265
19 66 586
19 67 463
19 68 155
19 69 371
19 70 194
19 71 256
19 72 333
19 73 284
19 74 314
19 75 315
19 76 309
19 77 176
19 78 502
19 79 114
19 80 241
19 81 167
19 82 331
19 83 373
19 84 214
19 85 537
19 86 399
19 87 179
19 88 346
19 89 89
19 90 508
19 91 405
19 92 247
19 93 295
19 94 122
19 95 102
19 96 452
19 97 224
19 98 147
19 99 321
19 100 44
19 101 362
19 102 503
19 103 196
19 104 99
19 105 338
19 106 226
19 107 125
19 108 334
19 109 325
19 110 108
19 111 363
19 112 338
19 113 195
19 114 352
19 115 403
19 116 78
19 117 323
19 118 224
19 119 245
19 120 319
19 121 440
19 122 394
19 123 363
19 124 278
19 125 512
19 126 377
19 127 139
19 128 314
19 129 258
19 130 235
20 21 89
20 22 106
20 23 139
20 24 259
20 25 439
20 26 411
20 27 224
20 28 306
20 29 293
20 30 198
20 31 189
20 32 457
20 33 100
20 34 201
20 35 61
20 36 459
20 37 102
20 38 223
20 39 168
20 40 120
20 41 186
20 42 131
20 43 293
20 44 114
20 45 288
20 46 28
20 47 120
20 48 441
20 49 228
20 50 98
20 51 174
20 52 427
20 53 200
20 54 102
20 55 187
20 56 433
20 57 463
20 58 224
20 59 219
20 60 186
20 61 369
20 62 251
20 63 382
20 64 475
20 65 401
20 66 378
20 67 226
20 68 395
20 69 497
20 70 385
20 71 156
20 72 288
20 73 351
20 74 395
20 75 401
20 76 326
20 77 387
20 78 261
20 79 241
20 80 31
20 81 335
20 82 498
20 83 184
20 84 462
20 85 328
20 86 545
20 87 314
20 88 493
20 89 337
20 90 298
20 91 356
20 92 277
20 93 62
20 94 363
20 95 256
20 96 215
20 97 406
20 98 395
20 99 376
20 100 216
20 101 557
20 102 322
20 103 383
20 104 279
20 105 237
20 106 178
20 107 307
20 108 110
20 109 360
20 110 358
20 111 571
20 112 219
20 113 445
20 114 139
20 115 260
20 116 237
20 117 184
20 118 30
20 119 485
20 120 207
20 121 197
20 122 180
20 123 569
20 124 392
20 125 304
20 126 146
20 127 287
20 128 238
20 129 356
20 130 123
21 22 74
21 23 93
21 24 348
21 25 526
21 26 481
21 27 312
21 28 283
21 29 382
21 30 139
21 31 276
21 32 546
21 33 16
21 34 285
21 35 150
21 36 548
21 37 78
21 38 300
21 39 197
21 40 97
21 41 224
21 42 162
21 43 377
21 44 132
21 45 320
21 46 85
21 47 95
21 48 527
21 49 276
21 50 147
21 51 192
21 52 497
21 53 242
21 54 191
21 55 172
21 56 511
21 57 539
21 58 274
21 59 153
21 60 202
21 61 413
21 62 252
21 63 465
21 64 531
21 65 479
21 66 309
21 67 162
21 68 480
21 69 553
21 70 462
21 71 189
21 72 332
21 73 419
21 74 464
21 75 470
21 76 365
21 77 475
21 78 175
21 79 327
21 80 101
21 81 420
21 82 579
21 83 150
21 84 551
21 85 261
21 86 604
21 87 395
21 88 555
21 89 426
21 90 232
21 91 391
21 92 344
21 93 76
21 94 452
21 95 343
21 96 152
21 97 479
21 98 482
21 99 439
21 100 306
21 101 640
21 102 297
21 103 469
21 104 360
21 105 244
21 106 243
21 107 386
21 108 72
21 109 400
21 110 445
21 111 656
21 112 222
21 113 534
21 114 98
21 115 240
21 116 326
21 117 185
21 118 114
21 119 574
21 120 240
21 121 113
21 122 151
21 123 655
21 124 451
21 125 239
21 126 80
21 127 362
21 128 256
21 129 414
21 130 168
22 23 33
22 24 336
22 25 535
22 26 517
22 27 319
22 28 357
22 29 370
22 30 211
22 31 285
22 32 544
22 33 65
22 34 303
22 35 150
22 36 543
22 37 7
22 38 265
22 39 258
22 40 23
22 41 281
22 42 101
22 43 394
22 44 70
22 45 381
22 46 121
22 47 21
22 48 538
22 49 216
22 50 196
22 51 123
22 52 448
22 53 180
22 54 198
22 55 98
22 56 471
22 57 497
22 58 215
22 59 220
22 60 131
22 61 469
22 62 323
22 63 483
22 64 579
22 65 440
22 66 372
22 67 121
22 68 493
22 69 601
22 70 490
22 71 247
22 72 268
22 73 369
22 74 413
22 75 420
22 76 423
22 77 456
22 78 221
22 79 305
22 80 133
22 81 394
22 82 542
22 83 224
22 84 545
22 85 325
22 86 650
22 87 364
22 88 599
22 89 424
22 90 298
22 91 322
22 92 295
22 93 48
22 94 445
22 95 324
22 96 110
22 97 511
22 98 490
22 99 385
22 100 304
22 101 609
22 102 228
22 103 443
22 104 383
22 105 313
22 106 198
22 107 412
22 108 145
22 109 458
22 110 451
22 111 629
22 112 292
22 113 531
22 114 173
22 115 314
22 116 312
22 117 254
22 118 136
22 119 562
22 120 174
22 121 166
22 122 81
22 123 626
22 124 497
22 125 306
22 126 153
22 127 393
22 128 322
22 129 461
22 130 220
23 24 365
23 25 567
23 26 550
23 27 351
23 28 374
23 29 400
23 30 221
23 31 318
23 32 575
23 33 80
23 34 336
23 35 183
23 36 573
23 37 38
23 38 288
23 39 286
23 40 31
23 41 310
23 42 116
23 43 427
23 44 87
23 45 409
23 46 152
23 47 29
23 48 570
23 49 228
23 50 226
23 51 127
23 52 464
23 53 191
23 54 230
23 55 85
23 56 491
23 57 516
23 58 228
23 59 227
23 60 132
23 61 499
23 62 346
23 63 516
23 64 611
23 65 460
23 66 371
23 67 88
23 68 526
23 69 633
23 70 523
23 71 276
23 72 275
23 73 385
23 74 429
23 75 436
23 76 452
23 77 483
23 78 213
23 79 333
23 80 166
23 81 419
23 82 563
23 83 241
23 84 575
23 85 327
23 86 682
23 87 388
23 88 631
23 89 455
23 90 301
23 91 323
23 92 312
23 93 81
23 94 475
23 95 352
23 96 77
23 97 544
23 98 522
23 99 398
23 100 335
23 101 632
23 102 204
23 103 468
23 104 416
23 105 337
23 106 218
23 107 445
23 108 165
23 109 487
23 110 483
23 111 653
23 112 315
23 113 562
23 114 190
23 115 332
23 116 342
23 117 278
23 118 169
23 119 591
23 120 180
23 121 164
23 122 58
23 123 650
23 124 529
23 125 309
23 126 165
23 127 426
23 128 348
23 129 493
23 130 250
24 25 224
24 26 318
24 27 87
24 28 493
24 29 34
24 30 442
24 31 109
24 32 213
24 33 357
24 34 138
24 35 198
24 36 208
24 37 329
24 38 119
24 39 316
24 40 335
24 41 307
24 42 269
24 43 148
24 44 286
24 45 372
24 46 273
24 47 336
24 48 233
24 49 239
24 50 268
24 51 297
24 52 255
24 53 250
24 54 162
24 55 358
24 56 222
24 57 254
24 58 231
24 59 468
24 60 307
24 61 387
24 62 413
24 63 214
24 64 428
24 65 194
24 66 620
24 67 450
24 68 202
24 69 443
24 70 261
24 71 304
24 72 273
24 73 211
24 74 240
24 75 241
24 76 379
24 77 129
24 78 520
24 79 48
24 80 259
24 81 98
24 82 269
24 83 409
24 84 210
24 85 571
24 86 469
24 87 105
24 88 417
24 89 99
24 90 542
24 91 342
24 92 180
24 93 291
24 94 111
24 95 30
24 96 439
24 97 292
24 98 179
24 99 248
24 100 58
24 101 310
24 102 465
24 103 136
24 104 173
24 105 393
24 106 181
24 107 198
24 108 358
24 109 397
24 110 140
24 111 318
24 112 389
24 113 200
24 114 380
24 115 452
24 116 23
24 117 369
24 118 239
24 119 227
24 120 276
24 121 457
24 122 374
24 123 317
24 124 351
24 125 546
24 126 399
24 127 213
24 128 372
24 129 331
24 130 277
25 26 205
25 27 216
25 28 570
25 29 196
25 30 580
25 31 250
25 32 79
25 33 539
25 34 242
25 35 385
25 36 103
25 37 529
25 38 343
25 39 412
25 40 539
25 41 389
25 42 485
25 43 153
25 44 498
25 45 398
25 46 441
25 47 540
25 48 15
25 49 463
25 50 401
25 51 518
25 52 411
25 53 475
25 54 338
25 55 574
25 56 347
25 57 371
25 58 456
25 59 608
25 60 528
25 61 352
25 62 485
25 63 88
25 64 318
25 65 335
25 66 741
25 67 655
25 68 54
25 69 323
25 70 148
25 71 406
25 72 493
25 73 401
25 74 413
25 75 411
25 76 376
25 77 199
25 78 680
25 79 272
25 80 425
25 81 255
25 82 347
25 83 533
25 84 105
25 85 695
25 86 323
25 87 290
25 88 282
25 89 125
25 90 668
25 91 557
25 92 395
25 93 487
25 94 132
25 95 251
25 96 644
25 97 170
25 98 45
25 99 437
25 100 234
25 101 331
25 102 689
25 103 244
25 104 181
25 105 466
25 106 405
25 107 169
25 108 510
25 109 373
25 110 85
25 111 311
25 112 474
25 113 79
25 114 523
25 115 540
25 116 244
25 117 471
25 118 411
25 119 155
25 120 500
25 121 620
25 122 586
25 123 315
25 124 276
25 125 671
25 126 553
25 127 205
25 128 436
25 129 281
25 130 396
26 27 250
26 28 422
26 29 311
26 30 484
26 31 263
26 32 283
26 33 496
26 34 230
26 35 378
26 36 305
26 37 514
26 38 425
26 39 308
26 40 530
26 41 279
26 42 507
26 43 170
26 44 507
26 45 239
26 46 400
26 47 531
26 48 192
26 49 532
26 50 334
26 51 549
26 52 563
26 53 529
26 54 334
26 55 588
26 56 512
26 57 541
26 58 524
26 59 512
26 60 561
26 61 161
26 62 346
26 63 129
26 64 117
26 65 492
26 66 615
26 67 637
26 68 164
26 69 128
26 70 63
26 71 308
26 72 578
26 73 529
26 74 554
26 75 555
26 76 201
26 77 368
26 78 598
26 79 363
26 80 386
26 81 396
26 82 530
26 83 430
26 84 308
26 85 576
26 86 151
26 87 419
26 88 98
26 89 256
26 90 553
26 91 652
26 92 495
26 93 472
26 94 289
26 95 349
26 96 626
26 97 35
26 98 206
26 99 567
26 100 287
26 101 529
26 102 719
26 103 406
26 104 154
26 105 331
26 106 463
26 107 124
26 108 438
26 109 186
26 110 216
26 111 513
26 112 347
26 113 280
26 114 440
26 115 405
26 116 326
26 117 359
26 118 381
26 119 358
26 120 551
26 121 546
26 122 588
26 123 516
26 124 76
26 125 554
26 126 477
26 127 127
26 128 299
26 129 97
26 130 317
27 28 416
27 29 102
27 30 384
27 31 36
27 32 235
27 33 324
27 34 52
27 35 169
27 36 240
27 37 313
27 38 176
27 39 240
27 40 324
27 41 227
27 42 276
27 43 85
27 44 285
27 45 286
27 46 229
27 47 325
27 48 219
27 49 282
27 50 204
27 51 314
27 52 341
27 53 283
27 54 122
27 55 364
27 56 309
27 57 341
27 58 275
27 59 411
27 60 325
27 61 301
27 62 333
27 63 172
27 64 352
27 65 281
27 66 557
27 67 440
27 68 175
27 69 369
27 70 200
27 71 229
27 72 328
27 73 291
27 74 324
27 75 326
27 76 291
27 77 201
27 78 474
27 79 119
27 80 213
27 81 185
27 82 353
27 83 345
27 84 242
27 85 509
27 86 401
27 87 192
27 88 347
27 89 117
27 90 480
27 91 402
27 92 248
27 93 271
27 94 150
27 95 111
27 96 428
27 97 229
27 98 171
27 99 328
27 100 37
27 101 386
27 102 486
27 103 218
27 104 96
27 105 313
27 106 215
27 107 125
27 108 305
27 109 310
27 110 133
27 111 389
27 112 312
27 113 223
27 114 324
27 115 377
27 116 84
27 117 296
27 118 197
27 119 273
27 120 307
27 121 412
27 122 373
27 123 389
27 124 272
27 125 484
27 126 349
27 127 132
27 128 289
27 129 249
27 130 207
28 29 517
28 30 163
28 31 385
28 32 624
28 33 295
28 34 365
28 35 345
28 36 637
28 37 361
28 38 510
28 39 177
28 40 381
28 41 189
28 42 432
28 43 426
28 44 407
28 45 182
28 46 278
28 47 379
28 48 563
28 49 535
28 50 235
28 51 470
28 52 716
28 53 506
28 54 349
28 55 456
28 56 706
28 57 738
28 58 530
28 59 174
28 60 481
28 61 276
28 62 84
28 63 484
28 64 404
28 65 675
28 66 200
28 67 420
28 68 515
28 69 425
28 70 442
28 71 189
28 72 594
28 73 645
28 74 688
28 75 693
28 76 225
28 77 617
28 78 259
28 79 500
28 80 281
28 81 590
28 82 761
28 83 133
28 84 639
28 85 172
28 86 482
28 87 581
28 88 450
28 89 523
28 90 161
28 91 662
28 92 575
28 93 345
28 94 561
28 95 505
28 96 413
28 97 442
28 98 540
28 99 674
28 100 435
28 101 802
28 102 577
28 103 630
28 104 392
28 105 104
28 106 481
28 107 400
28 108 213
28 109 251
28 110 517
28 111 805
28 112 104
28 113 614
28 114 184
28 115 46
28 116 479
28 117 128
28 118 299
28 119 679
28 120 511
28 121 245
28 122 433
28 123 806
28 124 356
28 125 157
28 126 210
28 127 364
28 128 133
28 129 326
28 130 219
29 30 473
29 31 132
29 32 179
29 33 391
29 34 155
29 35 231
29 36 174
29 37 363
29 38 146
29 39 340
29 40 370
29 41 329
29 42 303
29 43 144
29 44 321
29 45 387
29 46 305
29 47 371
29 48 206
29 49 267
29 50 296
29 51 330
29 52 253
29 53 281
29 54 194
29 55 392
29 56 212
29 57 243
29 58 259
29 59 499
29 60 339
29 61 394
29 62 435
29 63 198
29 64 423
29 65 186
29 66 650
29 67 485
29 68 181
29 69 438
29 70 250
29 71 329
29 72 296
29 73 220
29 74 243
29 75 244
29 76 389
29 77 100
29 78 553
29 79 76
29 80 291
29 81 88
29 82 250
29 83 438
29 84 176
29 85 601
29 86 459
29 87 108
29 88 408
29 89 71
29 90 572
29 91 363
29 92 200
29 93 325
29 94 77
29 95 55
29 96 474
29 97 281
29 98 153
29 99 257
29 100 83
29 101 284
29 102 497
29 103 116
29 104 174
29 105 415
29 106 213
29 107 195
29 108 389
29 109 405
29 110 116
29 111 289
29 112 413
29 113 166
29 114 411
29 115 477
29 116 58
29 117 395
29 118 272
29 119 192
29 120 306
29 121 490
29 122 408
29 123 289
29 124 350
29 125 576
29 126 431
29 127 216
29 128 392
29 129 334
29 130 304
30 31 348
30 32 616
30 33 146
30 34 342
30 35 254
30 36 623
30 37 216
30 38 421
30 39 176
30 40 234
30 41 205
30 42 301
30 43 426
30 44 272
30 45 269
30 46 175
30 47 232
30 48 577
30 49 414
30 50 180
30 51 332
30 52 625
30 53 380
30 54 280
30 55 305
30 56 630
30 57 660
30 58 411
30 59 28
30 60 341
30 61 374
30 62 169
30 63 504
30 64 503
30 65 598
30 66 180
30 67 257
30 68 528
30 69 525
30 70 483
30 71 178
30 72 471
30 73 548
30 74 593
30 75 599
30 76 319
30 77 572
30 78 116
30 79 433
30 80 186
30 81 527
30 82 694
30 83 54
30 84 626
30 85 130
30 86 581
30 87 509
30 88 538
30 89 501
30 90 101
30 91 531
30 92 474
30 93 213
30 94 534
30 95 444
30 96 251
30 97 492
30 98 541
30 99 571
30 100 390
30 101 748
30 102 418
30 103 574
30 104 400
30 105 171
30 106 373
30 107 419
30 108 87
30 109 353
30 110 509
30 111 760
30 112 149
30 113 605
30 114 61
30 115 129
30 116 422
30 117 125
30 118 207
30 119 657
30 120 379
30 121 84
30 122 279
30 123 759
30 124 434
30 125 106
30 126 58
30 127 387
30 128 198
30 129 398
30 130 183
31 32 272
31 33 289
31 34 36
31 35 135
31 36 276
31 37 280
31 38 173
31 39 208
31 40 292
31 41 198
31 42 250
31 43 110
31 44 256
31 45 266
31 46 193
31 47 293
31 48 253
31 49 269
31 50 168
31 51 290
31 52 355
31 53 266
31 54 88
31 55 336
31 56 330
31 57 362
31 58 262
31 59 375
31 60 302
31 61 293
31 62 304
31 63 199
31 64 357
31 65 300
31 66 522
31 67 407
31 68 207
31 69 376
31 70 219
31 71 197
31 72 319
31 73 299
31 74 335
31 75 338
31 76 277
31 77 232
31 78 438
31 79 129
31 80 177
31 81 207
31 82 378
31 83 309
31 84 279
31 85 474
31 86 412
31 87 208
31 88 358
31 89 153
31 90 445
31 91 394
31 92 247
31 93 237
31 94 186
31 95 127
31 96 396
31 97 246
31 98 206
31 99 335
31 100 51
31 101 416
31 102 462
31 103 245
31 104 110
31 105 284
31 106 200
31 107 140
31 108 269
31 109 299
31 110 169
31 111 421
31 112 281
31 113 259
31 114 287
31 115 345
31 116 98
31 117 263
31 118 161
31 119 309
31 120 288
31 121 375
31 122 343
31 123 421
31 124 274
31 125 449
31 126 312
31 127 138
31 128 262
31 129 247
31 130 173
32 33 558
32 34 274
32 35 398
32 36 24
32 37 538
32 38 322
32 39 458
32 40 546
32 41 438
32 42 482
32 43 197
32 44 499
32 45 460
32 46 464
32 47 547
32 48 94
32 49 441
32 50 436
32 51 510
32 52 352
32 53 458
32 54 355
32 55 571
32 56 284
32 57 305
32 58 434
32 59 644
32 60 519
32 61 424
32 62 539
32 63 159
32 64 397
32 65 277
32 66 785
32 67 661
32 68 121
32 69 402
32 70 224
32 71 450
32 72 462
32 73 355
32 74 359
32 75 356
32 76 443
32 77 143
32 78 710
32 79 255
32 80 449
32 81 211
32 82 274
32 83 573
32 84 26
32 85 738
32 86 401
32 87 250
32 88 361
32 89 120
32 90 710
32 91 521
32 92 362
32 93 497
32 94 102
32 95 233
32 96 651
32 97 247
32 98 86
32 99 388
32 100 241
32 101 253
32 102 675
32 103 187
32 104 231
32 105 519
32 106 391
32 107 228
32 108 540
32 109 444
32 110 107
32 111 232
32 112 525
32 113 13
32 114 557
32 115 591
32 116 236
32 117 517
32 118 432
32 119 76
32 120 484
32 121 647
32 122 587
32 123 236
32 124 351
32 125 713
32 126 584
32 127 264
32 128 490
32 129 353
32 130 435
33 34 299
33 35 160
33 36 559
33 37 70
33 38 305
33 39 213
33 40 88
33 41 240
33 42 159
33 43 391
33 44 129
33 45 335
33 46 99
33 47 86
33 48 540
33 49 274
33 50 163
33 51 186
33 52 499
33 53 239
33 54 203
33 55 161
33 56 515
33 57 543
33 58 272
33 59 156
33 60 195
33 61 429
33 62 266
33 63 479
33 64 547
33 65 483
33 66 311
33 67 146
33 68 493
33 69 569
33 70 477
33 71 205
33 72 329
33 73 420
33 74 465
33 75 472
33 76 381
33 77 484
33 78 170
33 79 334
33 80 115
33 81 427
33 82 584
33 83 161
33 84 562
33 85 263
33 86 620
33 87 401
33 88 571
33 89 437
33 90 235
33 91 386
33 92 345
33 93 77
33 94 463
33 95 351
33 96 136
33 97 495
33 98 495
33 99 439
33 100 317
33 101 647
33 102 284
33 103 476
33 104 374
33 105 259
33 106 245
33 107 401
33 108 85
33 109 416
33 110 458
33 111 663
33 112 236
33 113 545
33 114 110
33 115 252
33 116 335
33 117 199
33 118 127
33 119 584
33 120 236
33 121 109
33 122 138
33 123 662
33 124 467
33 125 243
33 126 88
33 127 377
33 128 271
33 129 430
33 130 184
34 35 154
34 36 282
34 37 298
34 38 210
34 39 190
34 40 312
34 41 175
34 42 277
34 43 92
34 44 281
34 45 234
34 46 200
34 47 312
34 48 242
34 49 304
34 50 161
34 51 318
34 52 389
34 53 299
34 54 107
34 55 361
34 56 360
34 57 392
34 58 297
34 59 370
34 60 331
34 61 257
34 62 281
34 63 180
34 64 322
34 65 331
34 66 512
34 67 425
34 68 194
34 69 341
34 70 191
34 71 180
34 72 355
34 73 334
34 74 369
34 75 372
34 76 243
34 77 253
34 78 439
34 79 163
34 80 184
34 81 236
34 82 405
34 83 300
34 84 284
34 85 464
34 86 378
34 87 240
34 88 324
34 89 161
34 90 436
34 91 430
34 92 284
34 93 255
34 94 197
34 95 159
34 96 414
34 97 216
34 98 200
34 99 370
34 100 82
34 101 438
34 102 490
34 103 271
34 104 81
34 105 261
34 106 234
34 107 111
34 108 268
34 109 263
34 110 167
34 111 440
34 112 261
34 113 262
34 114 284
34 115 326
34 116 131
34 117 247
34 118 172
34 119 319
34 120 320
34 121 378
34 122 366
34 123 441
34 124 238
34 125 439
34 126 312
34 127 103
34 128 237
34 129 211
34 130 161
35 36 399
35 37 144
35 38 168
35 39 185
35 40 157
35 41 195
35 42 131
35 43 244
35 44 128
35 45 293
35 46 79
35 47 158
35 48 388
35 49 199
35 50 114
35 51 175
35 52 375
35 53 178
35 54 47
35 55 209
35 56 376
35 57 406
35 58 193
35 59 278
35 60 188
35 61 360
35 62 280
35 63 334
35 64 454
35 65 343
35 66 435
35 67 271
35 68 343
35 69 475
35 70 345
35 71 171
35 72 258
35 73 301
35 74 345
35 75 350
35 76 325
35 77 326
35 78 322
35 79 180
35 80 69
35 81 274
35 82 439
35 83 233
35 84 402
35 85 385
35 86 519
35 87 254
35 88 466
35 89 278
35 90 355
35 91 331
35 92 229
35 93 102
35 94 302
35 95 194
35 96 260
35 97 368
35 98 340
35 99 329
35 100 157
35 101 496
35 102 341
35 103 322
35 104 236
35 105 263
35 106 138
35 107 265
35 108 167
35 109 356
35 110 301
35 111 509
35 112 249
35 113 386
35 114 194
35 115 299
35 116 175
35 117 217
35 118 48
35 119 423
35 120 193
35 121 259
35 122 211
35 123 508
35 124 370
35 125 361
35 126 205
35 127 251
35 128 256
35 129 336
35 130 136
36 37 536
36 38 313
36 39 468
36 40 543
36 41 449
36 42 477
36 43 210
36 44 495
36 45 476
36 46 467
36 47 545
36 48 118
36 49 431
36 50 443
36 51 503
36 52 331
36 53 450
36 54 357
36 55 566
36 56 262
36 57 282
36 58 424
36 59 651
36 60 512
36 61 444
36 62 552
36 63 180
36 64 420
36 65 256
36 66 794
36 67 659
36 68 142
36 69 426
36 70 245
36 71 460
36 72 449
36 73 337
36 74 340
36 75 336
36 76 460
36 77 126
36 78 714
36 79 248
36 80 452
36 81 196
36 82 250
36 83 582
36 84 2
36 85 746
36 86 425
36 87 236
36 88 385
36 89 123
36 90 718
36 91 505
36 92 348
36 93 497
36 94 97
36 95 227
36 96 648
36 97 270
36 98 104
36 99 369
36 100 242
36 101 228
36 102 666
36 103 169
36 104 245
36 105 532
36 106 384
36 107 244
36 108 546
36 109 463
36 110 119
36 111 208
36 112 536
36 113 25
36 114 564
36 115 602
36 116 232
36 117 527
36 118 435
36 119 52
36 120 475
36 121 652
36 122 582
36 123 212
36 124 372
36 125 721
36 126 589
36 127 280
36 128 504
36 129 373
36 130 443
37 38 257
37 39 258
37 40 20
37 41 280
37 42 93
37 43 388
37 44 62
37 45 381
37 46 119
37 47 19
37 48 532
37 49 209
37 50 194
37 51 116
37 52 441
37 53 173
37 54 192
37 55 96
37 56 463
37 57 489
37 58 208
37 59 226
37 60 125
37 61 467
37 62 325
37 63 478
37 64 577
37 65 432
37 66 378
37 67 127
37 68 488
37 69 599
37 70 486
37 71 247
37 72 261
37 73 361
37 74 406
37 75 413
37 76 422
37 77 448
37 78 229
37 79 298
37 80 131
37 81 386
37 82 534
37 83 228
37 84 539
37 85 332
37 86 647
37 87 356
37 88 596
37 89 418
37 90 304
37 91 316
37 92 287
37 93 43
37 94 438
37 95 317
37 96 115
37 97 507
37 98 484
37 99 378
37 100 297
37 101 601
37 102 227
37 103 435
37 104 378
37 105 314
37 106 190
37 107 407
37 108 148
37 109 457
37 110 445
37 111 621
37 112 293
37 113 525
37 114 176
37 115 317
37 116 305
37 117 256
37 118 133
37 119 555
37 120 167
37 121 173
37 122 80
37 123 619
37 124 494
37 125 312
37 126 158
37 127 389
37 128 322
37 129 459
37 130 219
38 39 340
38 40 257
38 41 342
38 42 176
38 43 256
38 44 201
38 45 427
38 46 246
38 47 258
38 48 352
38 49 120
38 50 275
38 51 194
38 52 206
38 53 137
38 54 162
38 55 260
38 56 211
38 57 239
38 58 113
38 59 443
38 60 201
38 61 466
38 62 439
38 63 332
38 64 528
38 65 179
38 66 601
38 67 364
38 68 322
38 69 545
38 70 372
38 71 327
38 72 154
38 73 135
38 74 178
38 75 183
38 76 446
38 77 203
38 78 475
38 79 70
38 80 237
38 81 133
38 82 279
38 83 402
38 84 314
38 85 551
38 86 576
38 87 99
38 88 523
38 89 217
38 90 522
38 91 227
38 92 74
38 93 228
38 94 220
38 95 91
38 96 355
38 97 402
38 98 298
38 99 168
38 100 138
38 101 344
38 102 353
38 103 181
38 104 272
38 105 420
38 106 74
38 107 301
38 108 333
38 109 470
38 110 260
38 111 364
38 112 410
38 113 309
38 114 361
38 115 465
38 116 102
38 117 381
38 118 216
38 119 318
38 120 162
38 121 413
38 122 281
38 123 362
38 124 446
38 125 528
38 126 368
38 127 307
38 128 407
38 129 421
38 130 293
39 40 278
39 41 29
39 42 299
39 43 261
39 44 283
39 45 123
39 46 143
39 47 277
39 48 408
39 49 384
39 50 73
39 51 343
39 52 544
39 53 361
39 54 178
39 55 351
39 56 531
39 57 563
39 58 379
39 59 205
39 60 355
39 61 216
39 62 98
39 63 332
39 64 338
39 65 500
39 66 328
39 67 360
39 68 359
39 69 361
39 70 306
39 71 14
39 72 444
39 73 476
39 74 518
39 75 522
39 76 167
39 77 441
39 78 290
39 79 324
39 80 137
39 81 413
39 82 584
39 83 124
39 84 471
39 85 283
39 86 414
39 87 406
39 88 368
39 89 351
39 90 256
39 91 516
39 92 409
39 93 225
39 94 388
39 95 329
39 96 350
39 97 316
39 98 378
39 99 508
39 100 258
39 101 625
39 102 485
39 103 453
39 104 231
39 105 79
39 106 323
39 107 246
39 108 138
39 109 202
39 110 350
39 111 629
39 112 72
39 113 448
39 114 133
39 115 136
39 116 302
39 117 59
39 118 149
39 119 508
39 120 372
39 121 240
39 122 338
39 123 630
39 124 263
39 125 258
39 126 172
39 127 213
39 128 70
39 129 227
39 130 49
40 41 300
40 42 86
40 43 402
40 44 56
40 45 401
40 46 138
40 47 2
40 48 543
40 49 199
40 50 214
40 51 102
40 52 434
40 53 163
40 54 205
40 55 75
40 56 460
40 57 485
40 58 199
40 59 243
40 60 109
40 61 487
40 62 345
40 63 491
40 64 596
40 65 429
40 66 392
40 67 116
40 68 499
40 69 618
40 70 501
40 71 267
40 72 250
40 73 355
40 74 399
40 75 406
40 76 442
40 77 452
40 78 239
40 79 302
40 80 150
40 81 388
40 82 532
40 83 248
40 84 546
40 85 346
40 86 665
40 87 356
40 88 614
40 89 426
40 90 320
40 91 301
40 92 282
40 93 59
40 94 446
40 95 321
40 96 105
40 97 523
40 98 494
40 99 370
40 100 307
40 101 600
40 102 207
40 103 437
40 104 393
40 105 335
40 106 187
40 107 422
40 108 168
40 109 477
40 110 455
40 111 622
40 112 314
40 113 533
40 114 196
40 115 337
40 116 312
40 117 276
40 118 150
40 119 561
40 120 154
40 121 186
40 122 60
40 123 619
40 124 513
40 125 327
40 126 176
40 127 405
40 128 343
40 129 477
40 130 239
41 42 316
41 43 240
41 44 301
41 45 101
41 46 163
41 47 300
41 48 385
41 49 395
41 50 88
41 51 360
41 52 543
41 53 373
41 54 181
41 55 372
41 56 525
41 57 557
41 58 388
41 59 233
41 60 372
41 61 189
41 62 106
41 63 307
41 64 310
41 65 495
41 66 352
41 67 387
41 68 336
41 69 332
41 70 279
41 71 34
41 72 454
41 73 477
41 74 518
41 75 522
41 76 142
41 77 428
41 78 319
41 79 319
41 80 155
41 81 405
41 82 576
41 83 152
41 84 452
41 85 308
41 86 385
41 87 401
41 88 339
41 89 334
41 90 282
41 91 527
41 92 413
41 93 246
41 94 372
41 95 322
41 96 376
41 97 287
41 98 356
41 99 510
41 100 249
41 101 614
41 102 507
41 103 444
41 104 208
41 105 85
41 106 331
41 107 221
41 108 166
41 109 177
41 110 330
41 111 616
41 112 87
41 113 428
41 114 163
41 115 152
41 116 295
41 117 83
41 118 164
41 119 491
41 120 386
41 121 269
41 122 361
41 123 617
41 124 234
41 125 284
41 126 201
41 127 187
41 128 65
41 129 197
41 130 63
42 43 360
42 44 31
42 45 417
42 46 159
42 47 88
42 48 491
42 49 115
42 50 227
42 51 44
42 52 348
42 53 80
42 54 173
42 55 89
42 56 375
42 57 399
42 58 114
42 59 315
42 60 57
42 61 490
42 62 383
42 63 448
42 64 586
42 65 344
42 66 470
42 67 188
42 68 451
42 69 607
42 70 468
42 71 286
42 72 170
42 73 269
42 74 313
42 75 320
42 76 452
42 77 377
42 78 322
42 79 230
42 80 162
42 81 309
42 82 447
42 83 303
42 84 479
42 85 422
42 86 650
42 87 275
42 88 597
42 89 365
42 90 394
42 91 230
42 92 196
42 93 88
42 94 380
42 95 250
42 96 178
42 97 494
42 98 439
42 99 284
42 100 251
42 101 517
42 102 212
42 103 357
42 104 358
42 105 369
42 106 103
42 107 389
42 108 222
42 109 484
42 110 399
42 111 540
42 112 351
42 113 469
42 114 252
42 115 386
42 116 246
42 117 314
42 118 152
42 119 489
42 120 79
42 121 266
42 122 106
42 123 537
42 124 501
42 125 401
42 126 242
42 127 379
42 128 369
42 129 468
42 130 253
43 44 367
43 45 268
43 46 292
43 47 402
43 48 152
43 49 367
43 50 248
43 51 398
43 52 398
43 53 369
43 54 196
43 55 447
43 56 354
43 57 385
43 58 360
43 59 455
43 60 410
43 61 254
43 62 341
43 63 89
43 64 279
43 65 330
43 66 590
43 67 515
43 68 103
43 69 294
43 70 116
43 71 254
43 72 411
43 73 360
43 74 387
43 75 388
43 76 259
43 77 221
43 78 527
43 79 192
43 80 276
43 81 232
43 82 384
43 83 380
43 84 213
43 85 544
43 86 321
43 87 251
43 88 268
43 89 108
43 90 516
43 91 483
43 92 325
43 93 345
43 94 148
43 95 178
43 96 504
43 97 145
43 98 116
43 99 397
43 100 119
43 101 401
43 102 571
43 103 252
43 104 36
43 105 322
43 106 300
43 107 50
43 108 357
43 109 269
43 110 91
43 111 395
43 112 327
43 113 188
43 114 370
43 115 393
43 116 156
43 117 321
43 118 264
43 119 255
43 120 392
43 121 467
43 122 453
43 123 396
43 124 205
43 125 519
43 126 400
43 127 76
43 128 293
43 129 191
43 130 243
44 45 403
44 46 140
44 47 58
44 48 503
44 49 146
44 50 212
44 51 62
44 52 379
44 53 110
44 54 173
44 55 80
44 56 404
44 57 429
44 58 145
44 59 285
44 60 73
44 61 480
44 62 362
44 63 456
44 64 581
44 65 373
44 66 439
44 67 164
44 68 461
44 69 602
44 70 472
44 71 270
44 72 200
44 73 299
44 74 344
44 75 351
44 76 440
44 77 399
44 78 291
44 79 250
44 80 146
44 81 333
44 82 475
44 83 277
44 84 497
44 85 392
44 86 647
44 87 301
44 88 594
44 89 381
44 90 364
44 91 258
44 92 226
44 93 62
44 94 397
44 95 270
44 96 154
44 97 496
44 98 452
44 99 315
44 100 263
44 101 544
44 102 213
44 103 382
44 104 362
44 105 349
44 106 131
44 107 392
44 108 196
44 109 473
44 110 412
44 111 566
44 112 330
44 113 486
44 114 226
44 115 362
44 116 263
44 117 293
44 118 139
44 119 510
44 120 107
44 121 235
44 122 88
44 123 563
44 124 497
44 125 371
44 126 213
44 127 379
44 128 351
44 129 462
44 130 238
45 46 264
45 47 400
45 48 390
45 49 491
45 50 190
45 51 461
45 52 621
45 53 472
45 54 272
45 55 474
45 56 595
45 57 627
45 58 485
45 59 295
45 60 473
45 61 104
45 62 110
45 63 310
45 64 234
45 65 566
45 66 377
45 67 482
45 68 345
45 69 256
45 70 263
45 71 133
45 72 550
45 73 561
45 74 599
45 75 602
45 76 49
45 77 481
45 78 386
45 79 394
45 80 256
45 81 471
45 82 638
45 83 215
45 84 479
45 85 341
45 86 312
45 87 474
45 88 274
45 89 375
45 90 322
45 91 624
45 92 501
45 93 347
45 94 414
45 95 393
45 96 472
45 97 260
45 98 375
45 99 595
45 100 316
45 101 665
45 102 608
45 103 503
45 104 232
45 105 99
45 106 425
45 107 232
45 108 256
45 109 84
45 110 358
45 111 662
45 112 121
45 113 452
45 114 244
45 115 168
45 116 364
45 117 147
45 118 265
45 119 523
45 120 486
45 121 346
45 122 461
45 123 664
45 124 175
45 125 321
45 126 283
45 127 196
45 128 71
45 129 143
45 130 164
46 47 138
46 48 442
46 49 256
46 50 75
46 51 201
46 52 451
46 53 228
46 54 111
46 55 209
46 56 455
46 57 485
46 58 251
46 59 198
46 60 213
46 61 348
46 62 224
46 63 380
46 64 459
46 65 423
46 66 356
46 67 236
46 68 395
46 69 481
46 70 378
46 71 131
46 72 316
46 73 376
46 74 420
46 75 426
46 76 304
46 77 402
46 78 247
46 79 258
46 80 16
46 81 353
46 82 519
46 83 157
46 84 470
46 85 306
46 86 530
46 87 334
46 88 479
46 89 344
46 90 276
46 91 384
46 92 302
46 93 82
46 94 373
46 95 272
46 96 225
46 97 397
46 98 398
46 99 401
46 100 226
46 101 575
46 102 344
46 103 400
46 104 275
46 105 210
46 106 205
46 107 302
46 108 88
46 109 338
46 110 362
46 111 588
46 112 192
46 113 452
46 114 115
46 115 232
46 116 251
46 117 156
46 118 33
46 119 495
46 120 235
46 121 184
46 122 199
46 123 586
46 124 376
46 125 282
46 126 127
46 127 279
46 128 211
46 129 340
46 130 100
47 48 544
47 49 202
47 50 213
47 51 104
47 52 437
47 53 165
47 54 206
47 55 77
47 56 462
47 57 487
47 58 201
47 59 241
47 60 111
47 61 486
47 62 344
47 63 492
47 64 595
47 65 431
47 66 390
47 67 115
47 68 500
47 69 617
47 70 501
47 71 266
47 72 252
47 73 357
47 74 401
47 75 408
47 76 442
47 77 454
47 78 236
47 79 304
47 80 149
47 81 389
47 82 533
47 83 246
47 84 547
47 85 344
47 86 665
47 87 358
47 88 614
47 89 427
47 90 317
47 91 303
47 92 284
47 93 59
47 94 447
47 95 323
47 96 104
47 97 523
47 98 495
47 99 372
47 100 308
47 101 602
47 102 208
47 103 438
47 104 393
47 105 334
47 106 189
47 107 422
47 108 166
47 109 476
47 110 456
47 111 623
47 112 313
47 113 534
47 114 194
47 115 335
47 116 313
47 117 275
47 118 150
47 119 562
47 120 156
47 121 184
47 122 61
47 123 621
47 124 512
47 125 325
47 126 174
47 127 405
47 128 342
47 129 477
47 130 238
48 49 472
48 50 400
48 51 525
48 52 425
48 53 483
48 54 341
48 55 580
48 56 362
48 57 386
48 58 465
48 59 606
48 60 535
48 61 341
48 62 479
48 63 80
48 64 304
48 65 349
48 66 737
48 67 659
48 68 49
48 69 308
48 70 137
48 71 403
48 72 503
48 73 414
48 74 426
48 75 425
48 76 366
48 77 214
48 78 679
48 79 281
48 80 426
48 81 268
48 82 362
48 83 530
48 84 120
48 85 692
48 86 307
48 87 302
48 88 267
48 89 134
48 90 665
48 91 569
48 92 406
48 93 490
48 94 145
48 95 261
48 96 648
48 97 156
48 98 53
48 99 450
48 100 239
48 101 346
48 102 696
48 103 258
48 104 178
48 105 460
48 106 413
48 107 163
48 108 509
48 109 363
48 110 93
48 111 326
48 112 469
48 113 94
48 114 522
48 115 534
48 116 252
48 117 467
48 118 413
48 119 170
48 120 508
48 121 619
48 122 591
48 123 330
48 124 263
48 125 667
48 126 552
48 127 199
48 128 430
48 129 270
48 130 394
49 50 312
49 51 104
49 52 239
49 53 36
49 54 221
49 55 170
49 56 276
49 57 297
49 58 7
49 59 429
49 60 105
49 61 549
49 62 476
49 63 448
49 64 626
49 65 249
49 66 585
49 67 284
49 68 440
49 69 645
49 70 483
49 71 371
49 72 60
49 73 161
49 74 203
49 75 210
49 76 519
49 77 314
49 78 438
49 79 191
49 80 255
49 81 241
49 82 350
49 83 410
49 84 432
49 85 537
49 86 681
49 87 202
49 88 628
49 89 338
49 90 509
49 91 132
49 92 96
49 93 200
49 94 340
49 95 211
49 96 277
49 97 512
49 98 419
49 99 171
49 100 248
49 101 426
49 102 238
49 103 285
49 104 377
49 105 460
49 106 69
49 107 408
49 108 331
49 109 548
49 110 380
49 111 453
49 112 445
49 113 429
49 114 362
49 115 488
49 116 220
49 117 411
49 118 238
49 119 431
49 120 54
49 121 382
49 122 199
49 123 450
49 124 542
49 125 516
49 126 356
49 127 407
49 128 455
49 129 513
49 130 335
50 51 271
50 52 481
50 53 288
50 54 114
50 55 284
50 56 473
50 57 504
50 58 306
50 59 208
50 60 283
50 61 273
50 62 166
50 63 330
50 64 385
50 65 441
50 66 354
50 67 307
50 68 351
50 69 407
50 70 319
50 71 59
50 72 372
50 73 410
50 74 453
50 75 458
50 76 229
50 77 397
50 78 279
50 79 268
50 80 66
50 81 360
50 82 531
50 83 141
50 84 445
50 85 305
50 86 457
50 87 348
50 88 408
50 89 320
50 90 276
50 91 444
50 92 341
50 93 158
50 94 354
50 95 276
50 96 297
50 97 334
50 98 362
50 99 440
50 100 213
50 101 578
50 102 419
50 103 404
50 104 224
50 105 149
50 106 252
50 107 247
50 108 109
50 109 263
50 110 329
50 111 586
50 112 136
50 113 424
50 114 122
50 115 190
50 116 251
50 117 106
50 118 76
50 119 477
50 120 299
50 121 220
50 122 275
50 123 586
50 124 304
50 125 280
50 126 152
50 127 220
50 128 143
50 129 267
50 130 25
51 52 343
51 53 68
51 54 215
51 55 67
51 56 378
51 57 400
51 58 106
51 59 343
51 60 12
51 61 535
51 62 424
51 63 486
51 64 630
51 65 349
51 66 495
51 67 180
51 68 486
51 69 650
51 70 509
51 71 330
51 72 148
51 73 265
51 74 307
51 75 315
51 76 496
51 77 397
51 78 340
51 79 255
51 80 206
51 81 326
51 82 451
51 83 339
51 84 505
51 85 448
51 86 693
51 87 290
51 88 639
51 89 396
51 90 421
51 91 199
51 92 197
51 93 125
51 94 407
51 95 276
51 96 172
51 97 535
51 98 472
51 99 275
51 100 286
51 101 525
51 102 172
51 103 373
51 104 399
51 105 410
51 106 120
51 107 430
51 108 258
51 109 529
51 110 432
51 111 550
51 112 392
51 113 497
51 114 288
51 115 425
51 116 275
51 117 355
51 118 196
51 119 511
51 120 53
51 121 288
51 122 95
51 123 547
51 124 545
51 125 429
51 126 273
51 127 421
51 128 412
51 129 511
51 130 296
52 53 275
52 54 367
52 55 409
52 56 72
52 57 72
52 58 237
52 59 645
52 60 344
52 61 643
52 62 643
52 63 443
52 64 677
52 65 75
52 66 804
52 67 524
52 68 417
52 69 691
52 70 501
52 71 531
52 72 209
52 73 79
52 74 36
52 75 28
52 76 632
52 77 211
52 78 668
52 79 226
52 80 443
52 81 167
52 82 132
52 83 608
52 84 331
52 85 754
52 86 709
52 87 149
52 88 659
52 89 309
52 90 725
52 91 224
52 92 153
52 93 422
52 94 283
52 95 230
52 96 516
52 97 532
52 98 379
52 99 74
52 100 307
52 101 214
52 102 449
52 103 167
52 104 426
52 105 624
52 106 254
52 107 449
52 108 537
52 109 651
52 110 353
52 111 250
52 112 615
52 113 343
52 114 566
52 115 671
52 116 258
52 117 587
52 118 423
52 119 303
52 120 292
52 121 609
52 122 438
52 123 245
52 124 604
52 125 731
52 126 570
52 127 468
52 128 608
52 129 586
52 130 498
53 54 207
53 55 135
53 56 310
53 57 332
53 58 37
53 59 395
53 60 70
53 61 535
53 62 451
53 63 452
53 64 619
53 65 282
53 66 550
53 67 249
53 68 448
53 69 639
53 70 483
53 71 348
53 72 90
53 73 197
53 74 239
53 75 247
53 76 502
53 77 338
53 78 401
53 79 204
53 80 228
53 81 265
53 82 383
53 83 379
53 84 451
53 85 502
53 86 677
53 87 227
53 88 623
53 89 350
53 90 474
53 91 156
53 92 129
53 93 167
53 94 356
53 95 225
53 96 241
53 97 511
53 98 429
53 99 207
53 100 251
53 101 458
53 102 216
53 103 311
53 104 375
53 105 435
53 106 69
53 107 406
53 108 299
53 109 533
53 110 390
53 111 484
53 112 419
53 113 446
53 114 330
53 115 460
53 116 230
53 117 384
53 118 213
53 119 454
53 120 25
53 121 346
53 122 163
53 123 481
53 124 534
53 125 481
53 126 322
53 127 403
53 128 432
53 129 504
53 130 313
54 55 254
54 56 359
54 57 390
54 58 214
54 59 305
54 60 228
54 61 328
54 62 276
54 63 286
54 64 415
54 65 327
54 66 459
54 67 319
54 68 295
54 69 435
54 70 298
54 71 164
54 72 278
54 73 298
54 74 340
54 75 344
54 76 298
54 77 292
54 78 359
54 79 154
54 80 96
54 81 248
54 82 418
54 83 250
54 84 359
54 85 410
54 86 477
54 87 234
54 88 424
54 89 234
54 90 380
54 91 353
54 92 232
54 93 149
54 94 262
54 95 164
54 96 308
54 97 322
54 98 293
54 99 329
54 100 115
54 101 469
54 102 384
54 103 294
54 104 189
54 105 257
54 106 153
54 107 219
54 108 195
54 109 326
54 110 255
54 111 479
54 112 248
54 113 342
54 114 218
54 115 305
54 116 142
54 117 220
54 118 78
54 119 384
54 120 225
54 121 296
54 122 258
54 123 478
54 124 330
54 125 385
54 126 236
54 127 206
54 128 245
54 129 298
54 130 131
55 56 445
55 57 467
55 58 172
55 59 312
55 60 65
55 61 556
55 62 421
55 63 536
55 64 660
55 65 417
55 66 454
55 67 115
55 68 539
55 69 682
55 70 553
55 71 340
55 72 207
55 73 332
55 74 373
55 75 380
55 76 513
55 77 462
55 78 293
55 79 318
55 80 218
55 81 393
55 82 519
55 83 323
55 84 568
55 85 411
55 86 727
55 87 357
55 88 675
55 89 455
55 90 386
55 91 244
55 92 264
55 93 126
55 94 469
55 95 339
55 96 108
55 97 577
55 98 529
55 99 339
55 100 341
55 101 593
55 102 135
55 103 440
55 104 443
55 105 410
55 106 185
55 107 473
55 108 244
55 109 547
55 110 489
55 111 618
55 112 390
55 113 558
55 114 271
55 115 413
55 116 335
55 117 352
55 118 215
55 119 576
55 120 116
55 121 248
55 122 32
55 123 615
55 124 576
55 125 393
55 126 249
55 127 460
55 128 417
55 129 541
55 130 310
56 57 32
56 58 273
56 59 653
56 60 381
56 61 606
56 62 629
56 63 388
56 64 628
56 65 32
56 66 811
56 67 558
56 68 359
56 69 641
56 70 450
56 71 518
56 72 260
56 73 120
56 74 95
56 75 88
56 76 600
56 77 149
56 78 685
56 79 206
56 80 445
56 81 124
56 82 73
56 83 608
56 84 262
56 85 761
56 86 655
56 87 124
56 88 607
56 89 256
56 90 731
56 91 288
56 92 181
56 93 438
56 94 225
56 95 203
56 96 550
56 97 480
56 98 320
56 99 134
56 100 279
56 101 152
56 102 502
56 103 106
56 104 386
56 105 609
56 106 273
56 107 405
56 108 543
56 109 617
56 110 298
56 111 185
56 112 603
56 113 276
56 114 570
56 115 663
56 116 231
56 117 579
56 118 424
56 119 231
56 120 330
56 121 624
56 122 473
56 123 180
56 124 560
56 125 737
56 126 579
56 127 428
56 128 591
56 129 545
56 130 487
57 58 294
57 59 682
57 60 402
57 61 637
57 62 661
57 63 416
57 64 658
57 65 63
57 66 841
57 67 581
57 68 386
57 69 669
57 70 478
57 71 550
57 72 275
57 73 137
57 74 103
57 75 95
57 76 632
57 77 175
57 78 713
57 79 238
57 80 475
57 81 156
57 82 60
57 83 638
57 84 281
57 85 791
57 86 683
57 87 156
57 88 635
57 89 285
57 90 761
57 91 296
57 92 204
57 93 466
57 94 253
57 95 235
57 96 573
57 97 508
57 98 346
57 99 143
57 100 311
57 101 142
57 102 517
57 103 135
57 104 417
57 105 641
57 106 299
57 107 435
57 108 572
57 109 648
57 110 326
57 111 178
57 112 635
57 113 298
57 114 600
57 115 694
57 116 263
57 117 610
57 118 454
57 119 246
57 120 351
57 121 652
57 122 495
57 123 173
57 124 590
57 125 767
57 126 608
57 127 459
57 128 623
57 129 576
57 130 519
58 59 427
58 60 107
58 61 542
58 62 471
58 63 440
58 64 619
58 65 245
58 66 583
58 67 287
58 68 433
58 69 638
58 70 475
58 71 365
58 72 65
58 73 159
58 74 202
58 75 209
58 76 512
58 77 308
58 78 437
58 79 183
58 80 250
58 81 235
58 82 346
58 83 406
58 84 425
58 85 535
58 86 674
58 87 196
58 88 620
58 89 330
58 90 506
58 91 139
58 92 92
58 93 198
58 94 333
58 95 204
58 96 279
58 97 504
58 98 411
58 99 170
58 100 240
58 101 422
58 102 244
58 103 279
58 104 369
58 105 455
58 106 62
58 107 400
58 108 328
58 109 541
58 110 372
58 111 449
58 112 440
58 113 422
58 114 358
58 115 484
58 116 213
58 117 406
58 118 233
58 119 425
58 120 57
58 121 381
58 122 201
58 123 445
58 124 535
58 125 514
58 126 353
58 127 400
58 128 449
58 129 506
58 130 330
59 60 352
59 61 399
59 62 191
59 63 533
59 64 529
59 65 621
59 66 158
59 67 253
59 68 557
59 69 551
59 70 511
59 71 207
59 72 485
59 73 568
59 74 612
59 75 619
59 76 344
59 77 598
59 78 92
59 79 457
59 80 210
59 81 552
59 82 718
59 83 82
59 84 654
59 85 109
59 86 607
59 87 532
59 88 565
59 89 529
59 90 80
59 91 543
59 92 493
59 93 228
59 94 561
59 95 469
59 96 247
59 97 521
59 98 570
59 99 590
59 100 417
59 101 773
59 102 418
59 103 599
59 104 428
59 105 196
59 106 392
59 107 447
59 108 111
59 109 378
59 110 538
59 111 785
59 112 174
59 113 633
59 114 87
59 115 146
59 116 448
59 117 153
59 118 231
59 119 684
59 120 392
59 121 73
59 122 284
59 123 784
59 124 461
59 125 86
59 126 74
59 127 416
59 128 223
59 129 426
59 130 212
60 61 547
60 62 435
60 63 497
60 64 642
60 65 352
60 66 502
60 67 180
60 68 497
60 69 663
60 70 521
60 71 342
60 72 145
60 73 266
60 74 308
60 75 315
60 76 509
60 77 404
60 78 346
60 79 264
60 80 218
60 81 332
60 82 454
60 83 349
60 84 513
60 85 456
60 86 705
60 87 295
60 88 652
60 89 406
60 90 429
60 91 191
60 92 200
60 93 136
60 94 416
60 95 285
60 96 172
60 97 547
60 98 482
60 99 274
60 100 297
60 101 529
60 102 161
60 103 379
60 104 411
60 105 422
60 106 128
60 107 442
60 108 268
60 109 541
60 110 443
60 111 555
60 112 403
60 113 506
60 114 298
60 115 436
60 116 285
60 117 366
60 118 208
60 119 519
60 120 51
60 121 295
60 122 94
60 123 551
60 124 557
60 125 437
60 126 282
60 127 433
60 128 424
60 129 524
60 130 309
61 62 212
61 63 265
61 64 130
61 65 580
61 66 475
61 67 576
61 68 302
61 69 152
61 70 204
61 71 224
61 72 604
61 73 592
61 74 626
61 75 628
61 76 54
61 77 475
61 78 490
61 79 420
61 80 337
61 81 482
61 82 639
61 83 319
61 84 446
61 85 443
61 86 208
61 87 493
61 88 173
61 89 362
61 90 424
61 91 680
61 92 541
61 93 430
61 94 401
61 95 413
61 96 566
61 97 191
61 98 339
61 99 628
61 100 337
61 101 653
61 102 691
61 103 506
61 104 220
61 105 204
61 106 480
61 107 206
61 108 354
61 109 26
61 110 334
61 111 644
61 112 225
61 113 418
61 114 345
61 115 270
61 116 386
61 117 250
61 118 342
61 119 494
61 120 552
61 121 449
61 122 548
61 123 646
61 124 86
61 125 423
61 126 385
61 127 178
61 128 175
61 129 70
61 130 248
62 63 400
62 64 343
62 65 598
62 66 269
62 67 406
62 68 431
62 69 364
62 70 361
62 71 112
62 72 536
62 73 575
62 74 617
62 75 621
62 76 158
62 77 534
62 78 283
62 79 422
62 80 222
62 81 510
62 82 682
62 83 118
62 84 555
62 85 232
62 86 421
62 87 504
62 88 384
62 89 439
62 90 212
62 91 607
62 92 507
62 93 300
62 94 477
62 95 427
62 96 398
62 97 363
62 98 455
62 99 605
62 100 355
62 101 720
62 102 550
62 103 549
62 104 307
62 105 20
62 106 418
62 107 316
62 108 181
62 109 190
62 110 432
62 111 722
62 112 32
62 113 529
62 114 160
62 115 59
62 116 399
62 117 69
62 118 238
62 119 595
62 120 459
62 121 251
62 122 403
62 123 723
62 124 284
62 125 211
62 126 196
62 127 280
62 128 49
62 129 251
62 130 145
63 64 246
63 65 369
63 66 659
63 67 605
63 68 37
63 69 255
63 70 66
63 71 327
63 72 486
63 73 417
63 74 438
63 75 437
63 76 287
63 77 241
63 78 610
63 79 263
63 80 364
63 81 277
63 82 402
63 83 455
63 84 182
63 85 615
63 86 267
63 87 305
63 88 219
63 89 134
63 90 589
63 91 557
63 92 395
63 93 435
63 94 162
63 95 245
63 96 594
63 97 94
63 98 77
63 99 455
63 100 201
63 101 400
63 102 659
63 103 281
63 104 105
63 105 381
63 106 383
63 107 86
63 108 440
63 109 285
63 110 90
63 111 385
63 112 391
63 113 154
63 114 450
63 115 456
63 116 229
63 117 391
63 118 352
63 119 232
63 120 477
63 121 551
63 122 543
63 123 388
63 124 192
63 125 591
63 126 483
63 127 120
63 128 350
63 129 194
63 130 322
64 65 607
64 66 604
64 67 693
64 68 281
64 69 22
64 70 180
64 71 344
64 72 677
64 73 639
64 74 667
64 75 667
64 76 185
64 77 485
64 78 620
64 79 469
64 80 446
64 81 510
64 82 647
64 83 448
64 84 422
64 85 573
64 86 78
64 87 531
64 88 52
64 89 373
64 90 554
64 91 752
64 92 600
64 93 537
64 94 406
64 95 457
64 96 682
64 97 152
64 98 323
64 99 677
64 100 390
64 101 645
64 102 794
64 103 522
64 104 256
64 105 334
64 106 557
64 107 230
64 108 477
64 109 154
64 110 333
64 111 628
64 112 355
64 113 395
64 114 471
64 115 400
64 116 433
64 117 378
64 118 446
64 119 472
64 120 639
64 121 576
64 122 656
64 123 632
64 124 84
64 125 553
64 126 510
64 127 220
64 128 305
64 129 119
64 130 363
65 66 779
65 67 529
65 68 343
65 69 620
65 70 429
65 71 487
65 72 237
65 73 99
65 74 85
65 75 80
65 76 573
65 77 136
65 78 654
65 79 175
65 80 413
65 81 98
65 82 102
65 83 575
65 84 256
65 85 729
65 86 637
65 87 93
65 88 587
65 89 236
65 90 699
65 91 272
65 92 152
65 93 406
65 94 208
65 95 173
65 96 520
65 97 460
65 98 304
65 99 120
65 100 249
65 101 177
65 102 478
65 103 91
65 104 360
65 105 578
65 106 242
65 107 381
65 108 511
65 109 590
65 110 280
65 111 206
65 112 572
65 113 268
65 114 538
65 115 631
65 116 201
65 117 547
65 118 392
65 119 231
65 120 303
65 121 592
65 122 444
65 123 202
65 124 536
65 125 705
65 126 547
65 127 402
65 128 560
65 129 520
65 130 456
66 67 373
66 68 687
66 69 625
66 70 627
66 71 335
66 72 640
66 73 726
66 74 771
66 75 777
66 76 423
66 77 750
66 78 167
66 79 613
66 80 367
66 81 707
66 82 875
66 83 212
66 84 797
66 85 49
66 86 682
66 87 690
66 88 649
66 89 673
66 90 79
66 91 694
66 92 651
66 93 385
66 94 708
66 95 624
66 96 371
66 97 631
66 98 706
66 99 748
66 100 567
66 101 928
66 102 543
66 103 754
66 104 559
66 105 283
66 106 551
66 107 573
66 108 268
66 109 451
66 110 677
66 111 939
66 112 270
66 113 774
66 114 241
66 115 209
66 116 601
66 117 269
66 118 387
66 119 831
66 120 546
66 121 206
66 122 424
66 123 938
66 124 552
66 125 74
66 126 233
66 127 539
66 128 316
66 129 520
66 130 351
67 68 615
67 69 715
67 70 611
67 71 352
67 72 321
67 73 446
67 74 488
67 75 495
67 76 527
67 77 564
67 78 206
67 79 415
67 80 251
67 81 497
67 82 631
67 83 292
67 84 661
67 85 335
67 86 765
67 87 464
67 88 715
67 89 542
67 90 314
67 91 352
67 92 377
67 93 170
67 94 561
67 95 435
67 96 11
67 97 632
67 98 610
67 99 454
67 100 423
67 101 704
67 102 170
67 103 546
67 104 505
67 105 401
67 106 291
67 107 533
67 108 227
67 109 563
67 110 571
67 111 728
67 112 378
67 113 649
67 114 246
67 115 382
67 116 427
67 117 342
67 118 256
67 119 675
67 120 231
67 121 180
67 122 85
67 123 725
67 124 612
67 125 322
67 126 211
67 127 513
67 128 416
67 129 575
67 130 329
68 69 289
68 70 103
68 71 353
68 72 475
68 73 397
68 74 415
68 75 413
68 76 323
68 77 211
68 78 630
68 79 251
68 80 379
68 81 253
68 82 369
68 83 480
68 84 145
68 85 642
68 86 297
68 87 284
68 88 251
68 89 111
68 90 616
68 91 544
68 92 381
68 93 445
68 94 134
68 95 232
68 96 603
68 97 129
68 98 42
68 99 434
68 100 199
68 101 364
68 102 658
68 103 253
68 104 128
68 105 412
68 106 378
68 107 115
68 108 460
68 109 323
68 110 65
68 111 349
68 112 421
68 113 117
68 114 472
68 115 486
68 116 219
68 117 418
68 118 366
68 119 194
68 120 473
68 121 571
68 122 549
68 123 352
68 124 230
68 125 618
68 126 503
68 127 151
68 128 382
68 129 232
68 130 345
69 70 191
69 71 366
69 72 695
69 73 655
69 74 681
69 75 682
69 76 207
69 77 496
69 78 642
69 79 486
69 80 468
69 81 523
69 82 657
69 83 470
69 84 428
69 85 594
69 86 57
69 87 545
69 88 45
69 89 384
69 90 576
69 91 770
69 92 617
69 93 559
69 94 417
69 95 473
69 96 704
69 97 161
69 98 331
69 99 692
69 100 407
69 101 653
69 102 816
69 103 534
69 104 273
69 105 356
69 106 576
69 107 246
69 108 499
69 109 175
69 110 344
69 111 634
69 112 377
69 113 401
69 114 493
69 115 421
69 116 449
69 117 400
69 118 468
69 119 478
69 120 659
69 121 598
69 122 677
69 123 638
69 124 105
69 125 574
69 126 532
69 127 238
69 128 327
69 129 140
69 130 385
70 71 304
70 72 527
70 73 470
70 74 494
70 75 494
70 76 233
70 77 305
70 78 593
70 79 307
70 80 363
70 81 334
70 82 467
70 83 431
70 84 248
70 85 585
70 86 208
70 87 359
70 88 157
70 89 194
70 90 561
70 91 599
70 92 440
70 93 443
70 94 226
70 95 292
70 96 600
70 97 30
70 98 144
70 99 508
70 100 235
70 101 467
70 102 681
70 103 343
70 104 110
70 105 344
70 106 415
70 107 79
70 108 428
70 109 227
70 110 153
70 111 452
70 112 357
70 113 220
70 114 433
70 115 419
70 116 271
70 117 363
70 118 355
70 119 298
70 120 506
70 121 538
70 122 556
70 123 455
70 124 127
70 125 562
70 126 469
70 127 99
70 128 312
70 129 134
70 130 306
71 72 430
71 73 462
71 74 504
71 75 509
71 76 176
71 77 429
71 78 290
71 79 311
71 80 124
71 81 400
71 82 572
71 83 127
71 84 463
71 85 289
71 86 419
71 87 393
71 88 372
71 89 341
71 90 262
71 91 503
71 92 395
71 93 213
71 94 378
71 95 316
71 96 342
71 97 315
71 98 370
71 99 494
71 100 247
71 101 614
71 102 474
71 103 441
71 104 225
71 105 93
71 106 309
71 107 241
71 108 133
71 109 211
71 110 342
71 111 618
71 112 85
71 113 439
71 114 131
71 115 147
71 116 289
71 117 67
71 118 135
71 119 499
71 120 359
71 121 237
71 122 328
71 123 618
71 124 267
71 125 264
71 126 169
71 127 209
71 128 84
71 129 230
71 130 35
72 73 140
72 74 174
72 75 182
72 76 576
72 77 326
72 78 489
72 79 224
72 80 315
72 81 253
72 82 332
72 83 469
72 84 450
72 85 593
72 86 729
72 87 213
72 88 675
72 89 368
72 90 565
72 91 75
72 92 100
72 93 257
72 94 364
72 95 243
72 96 315
72 97 556
72 98 450
72 99 136
72 100 292
72 101 412
72 102 242
72 103 291
72 104 424
72 105 520
72 106 124
72 107 454
72 108 390
72 109 604
72 110 412
72 111 443
72 112 505
72 113 450
72 114 420
72 115 548
72 116 257
72 117 471
72 118 298
72 119 442
72 120 95
72 121 435
72 122 238
72 123 439
72 124 594
72 125 572
72 126 412
72 127 457
72 128 515
72 129 565
72 130 395
73 74 44
73 75 51
73 76 576
73 77 211
73 78 589
73 79 172
73 80 369
73 81 146
73 82 192
73 83 533
73 84 338
73 85 677
73 86 679
73 87 113
73 88 627
73 89 286
73 90 647
73 91 174
73 92 74
73 93 343
73 94 269
73 95 182
73 96 438
73 97 501
73 98 364
73 99 37
73 100 255
73 101 272
73 102 382
73 103 169
73 104 383
73 105 556
73 106 175
73 107 409
73 108 461
73 109 598
73 110 332
73 111 304
73 112 546
73 113 344
73 114 490
73 115 600
73 116 207
73 117 516
73 118 349
73 119 320
73 120 215
73 121 530
73 122 360
73 123 299
73 124 562
73 125 654
73 126 493
73 127 423
73 128 542
73 129 540
73 130 429
74 75 7
74 76 612
74 77 216
74 78 634
74 79 206
74 80 413
74 81 161
74 82 162
74 83 578
74 84 340
74 85 722
74 86 703
74 87 135
74 88 652
74 89 304
74 90 692
74 91 194
74 92 119
74 93 388
74 94 282
74 95 213
74 96 480
74 97 525
74 98 378
74 99 40
74 100 288
74 101 244
74 102 415
74 103 171
74 104 413
74 105 598
74 106 220
74 107 437
74 108 506
74 109 633
74 110 350
74 111 279
74 112 588
74 113 350
74 114 535
74 115 643
74 116 240
74 117 559
74 118 393
74 119 316
74 120 256
74 121 575
74 122 402
74 123 274
74 124 591
74 125 699
74 126 538
74 127 453
74 128 583
74 129 572
74 130 471
75 76 615
75 77 213
75 78 640
75 79 209
75 80 418
75 81 160
75 82 155
75 83 583
75 84 337
75 85 728
75 86 703
75 87 136
75 88 652
75 89 303
75 90 698
75 91 201
75 92 126
75 93 394
75 94 281
75 95 214
75 96 488
75 97 525
75 98 377
75 99 47
75 100 290
75 101 237
75 102 422
75 103 169
75 104 414
75 105 602
75 106 226
75 107 438
75 108 512
75 109 635
75 110 349
75 111 272
75 112 593
75 113 347
75 114 541
75 115 648
75 116 242
75 117 564
75 118 398
75 119 312
75 120 263
75 121 581
75 122 410
75 123 267
75 124 593
75 125 705
75 126 544
75 127 455
75 128 587
75 129 573
75 130 476
76 77 478
76 78 436
76 79 406
76 80 295
76 81 476
76 82 639
76 83 265
76 84 463
76 85 389
76 86 263
76 87 483
76 88 226
76 89 368
76 90 370
76 91 651
76 92 520
76 93 387
76 94 407
76 95 402
76 96 517
76 97 225
76 98 357
76 99 611
76 100 325
76 101 660
76 102 648
76 103 504
76 104 223
76 105 149
76 106 451
76 107 216
76 108 303
76 109 35
76 110 346
76 111 654
76 112 170
76 113 436
76 114 292
76 115 216
76 116 374
76 117 196
76 118 301
76 119 510
76 120 518
76 121 395
76 122 503
76 123 656
76 124 131
76 125 369
76 126 332
76 127 183
76 128 121
76 129 103
76 130 204
77 78 648
77 79 150
77 80 389
77 81 73
77 82 164
77 83 538
77 84 126
77 85 701
77 86 507
77 87 114
77 88 460
77 89 114
77 90 671
77 91 380
77 92 226
77 93 413
77 94 78
77 95 132
77 96 554
77 97 334
77 98 171
77 99 244
77 100 184
77 101 185
77 102 552
77 103 44
77 104 255
77 105 514
77 106 277
77 107 269
77 108 488
77 109 489
77 110 151
77 111 189
77 112 513
77 113 133
77 114 510
77 115 577
77 116 150
77 117 495
77 118 369
77 119 116
77 120 363
77 121 585
77 122 483
77 123 189
77 124 421
77 125 676
77 126 529
77 127 297
77 128 490
77 129 410
77 130 405
78 79 501
78 80 262
78 81 595
78 82 754
78 83 171
78 84 717
78 85 131
78 86 698
78 87 571
78 88 655
78 89 591
78 90 116
78 91 536
78 92 514
78 93 247
78 94 620
78 95 516
78 96 204
78 97 605
78 98 639
78 99 606
78 100 474
78 101 816
78 102 376
78 103 644
78 104 504
78 105 288
78 106 415
78 107 525
78 108 170
78 109 470
78 110 605
78 111 831
78 112 265
78 113 698
78 114 159
78 115 236
78 116 498
78 117 242
78 118 280
78 119 743
78 120 393
78 121 63
78 122 261
78 123 830
78 124 551
78 125 124
78 126 127
78 127 495
78 128 315
78 129 514
78 130 288
79 80 246
79 81 94
79 82 263
79 83 405
79 84 250
79 85 563
79 86 514
79 87 81
79 88 461
79 89 147
79 90 533
79 91 294
79 92 133
79 93 263
79 94 152
79 95 21
79 96 405
79 97 337
79 98 228
79 99 209
79 100 82
79 101 316
79 102 420
79 103 142
79 104 213
79 105 403
79 106 136
79 107 240
79 108 346
79 109 427
79 110 189
79 111 330
79 112 397
79 113 242
79 114 371
79 115 457
79 116 36
79 117 372
79 118 226
79 119 259
79 120 229
79 121 438
79 122 336
79 123 328
79 124 390
79 125 539
79 126 385
79 127 251
79 128 385
79 129 368
79 130 281
80 81 341
80 82 508
80 83 164
80 84 455
80 85 317
80 86 516
80 87 323
80 88 465
80 89 329
80 90 287
80 91 384
80 92 296
80 93 92
80 94 358
80 95 259
80 96 240
80 97 382
80 98 382
80 99 395
80 100 211
80 101 562
80 102 353
80 103 388
80 104 259
80 105 207
80 106 200
80 107 286
80 108 99
80 109 328
80 110 346
80 111 575
80 112 190
80 113 436
80 114 125
80 115 235
80 116 238
80 117 156
80 118 20
80 119 481
80 120 237
80 121 199
80 122 210
80 123 574
80 124 363
80 125 292
80 126 140
80 127 264
80 128 206
80 129 327
80 130 91
81 82 171
81 83 499
81 84 197
81 85 658
81 86 543
81 87 40
81 88 492
81 89 143
81 90 628
81 91 309
81 92 153
81 93 354
81 94 123
81 95 84
81 96 487
81 97 365
81 98 218
81 99 181
81 100 156
81 101 221
81 102 479
81 103 49
81 104 262
81 105 490
81 106 207
81 107 283
81 108 441
81 109 492
81 110 188
81 111 236
81 112 486
81 113 200
81 114 466
81 115 547
81 116 110
81 117 464
81 118 321
81 119 190
81 120 290
81 121 532
81 122 415
81 123 234
81 124 438
81 125 633
81 126 480
81 127 304
81 128 470
81 129 422
81 130 372
82 83 669
82 84 249
82 85 825
82 86 666
82 87 185
82 88 620
82 89 278
82 90 795
82 91 356
82 92 254
82 93 507
82 94 242
82 95 256
82 96 623
82 97 496
82 98 327
82 99 202
82 100 327
82 101 82
82 102 574
82 103 134
82 104 418
82 105 662
82 106 344
82 107 433
82 108 607
82 109 652
82 110 314
82 111 118
82 112 657
82 113 269
82 114 633
82 115 719
82 116 282
82 117 635
82 118 487
82 119 207
82 120 404
82 121 692
82 122 546
82 123 113
82 124 585
82 125 801
82 126 644
82 127 460
82 128 641
82 129 574
82 130 543
83 84 584
83 85 164
83 86 526
83 87 484
83 88 483
83 89 461
83 90 136
83 91 533
83 92 460
83 93 215
83 94 495
83 95 415
83 96 284
83 97 439
83 98 496
83 99 559
83 100 355
83 101 718
83 102 445
83 103 544
83 104 352
83 105 118
83 106 362
83 107 369
83 108 81
83 109 299
83 110 466
83 111 727
83 112 95
83 113 562
83 114 51
83 115 90
83 116 391
83 117 71
83 118 185
83 119 618
83 120 382
83 121 132
83 122 300
83 123 727
83 124 380
83 125 139
83 126 80
83 127 336
83 128 144
83 129 344
83 130 138
84 85 749
84 86 427
84 87 237
84 88 387
84 89 125
84 90 721
84 91 506
84 92 350
84 93 499
84 94 100
84 95 229
84 96 650
84 97 272
84 98 106
84 99 370
84 100 245
84 101 226
84 102 668
84 103 169
84 104 248
84 105 535
84 106 386
84 107 247
84 108 548
84 109 465
84 110 122
84 111 206
84 112 539
84 113 27
84 114 566
84 115 605
84 116 234
84 117 530
84 118 437
84 119 50
84 120 477
84 121 654
84 122 584
84 123 210
84 124 375
84 125 724
84 126 591
84 127 282
84 128 507
84 129 376
84 130 446
85 86 651
85 87 640
85 88 615
85 89 625
85 90 29
85 91 648
85 92 602
85 93 337
85 94 660
85 95 575
85 96 332
85 97 590
85 98 660
85 99 699
85 100 518
85 101 879
85 102 505
85 103 704
85 104 514
85 105 245
85 106 502
85 107 529
85 108 218
85 109 419
85 110 630
85 111 889
85 112 229
85 113 727
85 114 192
85 115 173
85 116 552
85 117 224
85 118 338
85 119 783
85 120 499
85 121 162
85 122 381
85 123 888
85 124 516
85 125 25
85 126 184
85 127 495
85 128 277
85 129 483
85 130 303
86 87 568
86 88 53
86 89 400
86 90 633
86 91 803
86 92 647
86 93 606
86 94 429
86 95 499
86 96 754
86 97 178
86 98 338
86 99 716
86 100 438
86 101 654
86 102 860
86 103 548
86 104 304
86 105 412
86 106 612
86 107 275
86 108 552
86 109 232
86 110 357
86 111 633
86 112 433
86 113 402
86 114 547
86 115 478
86 116 477
86 117 455
86 118 515
86 119 477
86 120 698
86 121 653
86 122 725
86 123 637
86 124 153
86 125 631
86 126 587
86 127 274
86 128 383
86 129 190
86 130 436
87 88 516
87 89 173
87 90 610
87 91 270
87 92 112
87 93 326
87 94 158
87 95 81
87 96 454
87 97 390
87 98 251
87 99 150
87 100 158
87 101 245
87 102 440
87 103 83
87 104 278
87 105 485
87 106 172
87 107 301
87 108 422
87 109 502
87 110 219
87 111 265
87 112 478
87 113 239
87 114 448
87 115 538
87 116 109
87 117 454
87 118 302
87 119 230
87 120 251
87 121 508
87 122 380
87 123 262
87 124 456
87 125 616
87 126 459
87 127 318
87 128 467
87 129 437
87 130 362
88 89 351
88 90 596
88 91 749
88 92 593
88 93 555
88 94 382
88 95 447
88 96 704
88 97 127
88 98 293
88 99 665
88 100 384
88 101 613
88 102 808
88 103 500
88 104 251
88 105 373
88 106 558
88 107 221
88 108 505
88 109 198
88 110 308
88 111 593
88 112 393
88 113 361
88 114 502
88 115 442
88 116 424
88 117 412
88 118 463
88 119 437
88 120 644
88 121 608
88 122 673
88 123 597
88 124 105
88 125 595
88 126 541
88 127 220
88 128 342
88 129 142
88 130 387
89 90 597
89 91 434
89 92 271
89 93 377
89 94 39
89 95 126
89 96 531
89 97 224
89 98 81
89 99 322
89 100 121
89 101 292
89 102 565
89 103 149
89 104 144
89 105 419
89 106 281
89 107 155
89 108 423
89 109 377
89 110 46
89 111 287
89 112 421
89 113 107
89 114 441
89 115 487
89 116 121
89 117 409
89 118 312
89 119 157
89 120 376
89 121 528
89 122 469
89 123 288
89 124 307
89 125 600
89 126 466
89 127 185
89 128 393
89 129 296
89 130 322
90 91 621
90 92 573
90 93 308
90 94 631
90 95 545
90 96 311
90 97 567
90 98 632
90 99 670
90 100 488
90 101 849
90 102 484
90 103 674
90 104 487
90 105 223
90 106 472
90 107 503
90 108 188
90 109 401
90 110 602
90 111 860
90 112 206
90 113 699
90 114 162
90 115 154
90 116 522
90 117 198
90 118 308
90 119 754
90 120 471
90 121 138
90 122 356
90 123 859
90 124 495
90 125 8
90 126 154
90 127 469
90 128 255
90 129 461
90 130 275
91 92 163
91 93 319
91 94 427
91 95 312
91 96 348
91 97 629
91 98 516
91 99 154
91 100 365
91 101 438
91 102 236
91 103 341
91 104 498
91 105 591
91 106 200
91 107 528
91 108 453
91 109 680
91 110 479
91 111 473
91 112 575
91 113 509
91 114 483
91 115 616
91 116 328
91 117 540
91 118 369
91 119 493
91 120 151
91 121 487
91 122 276
91 123 468
91 124 669
91 125 628
91 126 472
91 127 531
91 128 587
91 129 641
91 130 467
92 93 268
92 94 265
92 95 150
92 96 369
92 97 471
92 98 353
92 99 99
92 100 210
92 101 329
92 102 331
92 103 192
92 104 344
92 105 488
92 106 100
92 107 372
92 108 387
92 109 545
92 110 316
92 111 357
92 112 477
92 113 350
92 114 416
92 115 529
92 116 169
92 117 446
92 118 276
92 119 343
92 120 150
92 121 455
92 122 292
92 123 353
92 124 519
92 125 579
92 126 418
92 127 380
92 128 477
92 129 495
92 130 361
93 94 399
93 95 281
93 96 158
93 97 464
93 98 442
93 99 363
93 100 256
93 101 572
93 102 261
93 103 403
93 104 335
93 105 288
93 106 168
93 107 364
93 108 134
93 109 421
93 110 403
93 111 590
93 112 268
93 113 485
93 114 164
93 115 300
93 116 267
93 117 231
93 118 91
93 119 518
93 120 167
93 121 187
93 122 118
93 123 588
93 124 454
93 125 315
93 126 155
93 127 346
93 128 292
93 129 418
93 130 183
94 95 131
94 96 550
94 97 255
94 98 96
94 99 305
94 100 146
94 101 253
94 102 573
94 103 118
94 104 183
94 105 457
94 106 289
94 107 194
94 108 453
94 109 416
94 110 73
94 111 248
94 112 458
94 113 89
94 114 473
94 115 524
94 116 134
94 117 445
94 118 340
94 119 123
94 120 382
94 121 557
94 122 485
94 123 249
94 124 343
94 125 635
94 126 496
94 127 224
94 128 431
94 129 334
94 130 357
95 96 425
95 97 322
95 98 207
95 99 219
95 100 77
95 101 304
95 102 442
95 103 129
95 104 201
95 105 407
95 106 157
95 107 227
95 108 358
95 109 421
95 110 169
95 111 315
95 112 402
95 113 221
95 114 383
95 115 463
95 116 28
95 117 379
95 118 239
95 119 239
95 120 251
95 121 453
95 122 356
95 123 314
95 124 380
95 125 550
95 126 399
95 127 241
95 128 387
95 129 359
95 130 287
96 97 621
96 98 599
96 99 446
96 100 412
96 101 695
96 102 172
96 103 536
96 104 493
96 105 392
96 106 282
96 107 522
96 108 218
96 109 553
96 110 560
96 111 718
96 112 369
96 113 638
96 114 238
96 115 374
96 116 416
96 117 333
96 118 245
96 119 664
96 120 224
96 121 175
96 122 77
96 123 715
96 124 601
96 125 319
96 126 204
96 127 502
96 128 407
96 129 565
96 130 319
97 98 171
97 99 539
97 100 264
97 101 494
97 102 706
97 103 373
97 104 136
97 105 347
97 106 444
97 107 105
97 108 442
97 109 214
97 110 182
97 111 477
97 112 361
97 113 244
97 114 446
97 115 421
97 116 301
97 117 370
97 118 375
97 119 322
97 120 533
97 121 551
97 122 579
97 123 481
97 124 108
97 125 567
97 126 482
97 127 118
97 128 314
97 129 122
97 130 319
98 99 400
98 100 188
98 101 323
98 102 643
98 103 213
98 104 148
98 105 436
98 106 360
98 107 142
98 108 469
98 109 359
98 110 40
98 111 308
98 112 442
98 113 79
98 114 484
98 115 508
98 116 199
98 117 437
98 118 368
98 119 155
98 120 455
98 121 578
98 122 540
98 123 311
98 124 270
98 125 635
98 126 512
98 127 178
98 128 406
98 129 269
98 130 358
99 100 291
99 101 284
99 102 375
99 103 200
99 104 421
99 105 587
99 106 197
99 107 446
99 108 485
99 109 634
99 110 369
99 111 319
99 112 576
99 113 377
99 114 515
99 115 628
99 116 244
99 117 546
99 118 376
99 119 349
99 120 222
99 121 549
99 122 369
99 123 314
99 124 599
99 125 677
99 126 515
99 127 460
99 128 575
99 129 577
99 130 460
100 101 367
100 102 459
100 103 194
100 104 133
100 105 334
100 106 182
100 107 162
100 108 308
100 109 344
100 110 148
100 111 373
100 112 331
100 113 228
100 114 329
100 115 394
100 116 49
100 117 312
100 118 193
100 119 269
100 120 275
100 121 411
100 122 352
100 123 373
100 124 309
100 125 493
100 126 350
100 127 170
100 128 313
100 129 286
100 130 221
101 102 654
101 103 174
101 104 437
101 105 700
101 106 413
101 107 446
101 108 662
101 109 669
101 110 319
101 111 40
101 112 698
101 113 252
101 114 687
101 115 761
101 116 327
101 117 679
101 118 542
101 119 178
101 120 480
101 121 753
101 122 619
101 123 34
101 124 591
101 125 854
101 126 701
101 127 477
101 128 676
101 129 585
101 130 588
102 103 523
102 104 571
102 105 541
102 106 284
102 107 601
102 108 369
102 109 682
102 110 603
102 111 685
102 112 519
102 113 662
102 114 394
102 115 536
102 116 444
102 117 482
102 118 350
102 119 669
102 120 191
102 121 347
102 122 147
102 123 681
102 124 710
102 125 492
102 126 366
102 127 591
102 128 550
102 129 675
102 130 444
103 104 285
103 105 529
103 106 255
103 107 302
103 108 488
103 109 518
103 110 191
103 111 187
103 112 526
103 113 178
103 114 512
103 115 589
103 116 153
103 117 506
103 118 368
103 119 152
103 120 335
103 121 581
103 122 463
103 123 186
103 124 455
103 125 679
103 126 527
103 127 327
103 128 507
103 129 443
103 130 414
104 105 288
104 106 309
104 107 30
104 108 334
104 109 234
104 110 126
104 111 431
104 112 294
104 113 222
104 114 345
104 115 360
104 116 177
104 117 290
104 118 249
104 119 291
104 120 398
104 121 445
104 122 447
104 123 433
104 124 178
104 125 489
104 126 377
104 127 42
104 128 258
104 129 159
104 130 216
105 106 401
105 107 297
105 108 174
105 109 182
105 110 413
105 111 702
105 112 23
105 113 510
105 114 155
105 115 74
105 116 379
105 117 59
105 118 222
105 119 575
105 120 444
105 121 251
105 122 393
105 123 702
105 124 272
105 125 223
105 126 193
105 127 261
105 128 32
105 129 238
105 130 127
106 107 339
106 108 287
106 109 479
106 110 320
106 111 436
106 112 387
106 113 379
106 114 317
106 115 435
106 116 160
106 117 354
106 118 181
106 119 391
106 120 94
106 121 355
106 122 208
106 123 433
106 124 473
106 125 479
106 126 318
106 127 338
106 128 393
106 129 443
106 130 274
107 108 357
107 109 222
107 110 129
107 111 438
107 112 305
107 113 220
107 114 366
107 115 371
107 116 203
107 117 305
107 118 277
107 119 293
107 120 428
107 121 468
107 122 477
107 123 440
107 124 155
107 125 505
107 126 399
107 127 36
107 128 266
107 129 141
107 130 237
108 109 338
108 110 435
108 111 674
108 112 151
108 113 528
108 114 30
108 115 169
108 116 337
108 117 114
108 118 120
108 119 577
108 120 301
108 121 110
108 122 223
108 123 673
108 124 400
108 125 194
108 126 43
108 127 329
108 128 189
108 129 363
108 130 122
109 110 351
109 111 661
109 112 204
109 113 438
109 114 328
109 115 246
109 116 393
109 117 231
109 118 334
109 119 513
109 120 549
109 121 430
109 122 538
109 123 663
109 124 111
109 125 399
109 126 367
109 127 192
109 128 155
109 129 92
109 130 238
110 111 309
110 112 417
110 113 97
110 114 451
110 115 483
110 116 159
110 117 409
110 118 331
110 119 165
110 120 415
110 121 543
110 122 501
110 123 311
110 124 272
110 125 605
110 126 478
110 127 162
110 128 384
110 129 266
110 130 327
111 112 702
111 113 233
111 114 698
111 115 766
111 116 337
111 117 685
111 118 555
111 119 156
111 120 507
111 121 768
111 122 643
111 123 6
111 124 578
111 125 864
111 126 715
111 127 470
111 128 677
111 129 575
111 130 594
112 113 515
112 114 132
112 115 65
112 116 375
112 117 37
112 118 207
112 119 578
112 120 427
112 121 228
112 122 372
112 123 702
112 124 291
112 125 206
112 126 169
112 127 270
112 128 50
112 129 256
112 130 117
113 114 546
113 115 581
113 116 223
113 117 506
113 118 420
113 119 77
113 120 471
113 121 635
113 122 574
113 123 236
113 124 347
113 125 702
113 126 572
113 127 256
113 128 481
113 129 348
113 130 423
114 115 141
114 116 361
114 117 98
114 118 146
114 119 597
114 120 332
114 121 106
114 122 249
114 123 697
114 124 397
114 125 167
114 126 39
114 127 336
114 128 174
114 129 360
114 130 128
115 116 437
115 117 84
115 118 253
115 119 644
115 120 465
115 121 213
115 122 391
115 123 766
115 124 343
115 125 153
115 126 170
115 127 335
115 128 106
115 129 310
115 130 175
116 117 353
116 118 218
116 119 250
116 120 255
116 121 435
116 122 351
116 123 336
116 124 354
116 125 527
116 126 378
116 127 215
116 128 359
116 129 333
116 130 261
117 118 173
117 119 566
117 120 391
117 121 199
117 122 334
117 123 684
117 124 308
117 125 200
117 126 137
117 127 271
117 128 76
117 129 272
117 130 91
118 119 462
118 120 223
118 121 217
118 122 209
118 123 553
118 124 362
118 125 313
118 126 160
118 127 257
118 128 219
118 129 327
118 130 101
119 120 479
119 121 680
119 122 595
119 123 160
119 124 425
119 125 758
119 126 619
119 127 327
119 128 547
119 129 424
119 130 480
120 121 340
120 122 146
120 123 503
120 124 554
120 125 479
120 126 321
120 127 424
120 128 443
120 129 523
120 130 324
121 122 219
121 123 767
121 124 503
121 125 146
121 126 69
121 127 439
121 128 275
121 129 466
121 130 232
122 123 640
122 124 572
122 125 364
122 126 224
122 127 462
122 128 403
122 129 537
122 130 299
123 124 580
123 125 864
123 126 713
123 127 472
123 128 678
123 129 577
123 130 594
124 125 495
124 126 436
124 127 139
124 128 241
124 129 37
124 130 283
125 126 161
125 127 471
125 128 255
125 129 461
125 130 278
126 127 370
126 128 213
126 129 399
126 130 163
127 128 230
127 129 118
127 130 207
128 129 206
128 130 119
129 130 246
